1.000000000000000000e+00 4.541436610617409220e-01 3.971556860900003483e-01 4.353268159676261795e-01 1.955424155572121903e-01 3.137039915808729762e-01 4.711049036000253265e-01 2.330851678828728124e-01 2.937318039875467801e-01 1.554605192599930741e-01 4.775593157052268611e-01 1.859357680042737493e-01 3.945599157591114237e-01 3.640549371090544550e-01 4.981689932097351781e-01 1.550887481925672662e-01 4.695433559511863475e-01 2.892198582699485043e-01 4.572603358325939005e-01 3.276813022596576919e-01 3.152646183509110744e-01 2.564157895801127962e-01 2.253042826543579791e-01 4.463813061156960971e-01 3.617311269624626235e-01 1.736589374475568104e-01 1.818947576597261528e-01 2.901035291076177192e-01 3.408204995284625505e-01 1.802493235843840580e-01 3.451211967729772012e-01 1.731509742834502208e-01 2.345942851404363150e-01 3.962498792422383120e-01 2.800906478104709385e-01 2.115412477691177295e-01 1.634813493485786640e-01 4.221286251992262262e-01 1.668986160024316934e-01 4.804344029774492708e-01 1.474243876664096953e-01 5.042862213629450974e-01 4.531389078054042230e-01 3.483665884829339476e-01 3.878019789802257811e-01 2.743665804718179446e-01 3.085342074731108331e-01 2.134297309491686445e-01 1.309985075323591985e-01 3.080707009417055775e-01 2.936816560778992558e-01 2.433932056861132232e-01 4.436273404008805321e-01 1.523881607165642194e-01 4.050726846768318290e-01 4.699555819895817055e-01 4.730453353258110560e-01 3.864239782602798545e-01 4.998565155886735556e-01 2.846919264486939549e-01 1.971420713301470229e-01 5.037812375748691451e-01 1.978248325145203768e-01 3.718073449330724367e-01 4.105478509306429991e-01 3.504708802007282520e-01 2.647028191063900415e-01 3.448270533019502926e-01 4.704312393151039995e-01 2.736561968382264509e-01 1.652518089828077796e-01 3.890938955254951703e-01 1.483381353511327161e-01 1.453818939505109875e-01 3.855542004110816268e-01 2.723732306561210681e-01 5.535729522277533787e-01 1.658241788799073302e-01 2.478933648635049114e-01 1.514230357489343426e-01 3.730609992293651422e-01 1.522918705022131558e-01 3.352821734717539859e-01 4.532598196245143374e-01 4.094342441124814158e-01 4.631966445812679134e-01 3.505236818161909795e-01 1.595800137819646247e-01 1.289235470162284347e-01 4.179585198041629868e-01 3.796300944203973571e-01 4.706154155220261259e-01 3.371155345130510406e-01
4.541436610617409220e-01 1.000000000000000000e+00 3.259029275869509967e-01 4.545468939486563831e-01 1.962531657510292182e-01 2.371896650070456081e-01 4.186801963728435938e-01 1.816346823799508958e-01 1.514613085187196395e-01 1.403972110334706092e-01 4.092325323125134418e-01 1.879437583554245950e-01 3.569868253626807819e-01 2.401358110346592245e-01 4.460016288723402389e-01 2.042445005765888000e-01 3.645868239933486299e-01 2.480642829323284615e-01 2.239965981903604963e-01 3.064826676815914919e-01 1.856379911357222412e-01 1.574985378782866874e-01 1.310467162265901431e-01 5.618784828513353480e-01 3.628007127875336191e-01 1.339838393666506200e-01 1.696043669027541834e-01 1.975793475890662010e-01 2.064708642885524359e-01 1.287048808766696195e-01 7.447776265484112868e-02 2.128676698622280761e-01 1.405987424808560482e-01 3.323889436315294876e-01 1.562905495334628858e-01 2.009283122501934749e-01 2.040961264701625089e-01 2.916608548940294310e-01 1.336455285926007597e-01 2.589336321133589580e-01 1.256920910181188455e-01 3.691258263945982887e-01 2.916166995500499848e-01 2.810344508145469766e-01 2.829437174519499054e-01 1.690038544085345762e-01 2.159430042273804973e-01 1.979610215509035875e-01 1.822811028629690022e-01 2.266737898410305652e-01 2.466951027112151695e-01 2.637276822012797894e-01 3.347502946000476265e-01 9.493214197620855610e-02 3.424549446126878838e-01 2.815282783827215418e-01 3.554896561826553780e-01 2.904233675062505848e-01 4.300827926328693041e-01 2.498189351976862482e-01 2.040212696632078548e-01 4.478384454834860584e-01 1.969233838592557018e-01 2.647351272521030197e-01 3.084942628109307305e-01 2.119627338616493772e-01 2.237914092710119596e-01 2.727649122625167566e-01 3.687923567691108739e-01 2.742416161917833883e-01 1.501209823590410886e-01 3.475006804263142124e-01 1.895165834199295241e-01 1.934468155399286515e-01 1.222507901392447804e-01 3.015127220586730772e-01 4.352885457906214284e-01 1.510722024007041531e-01 1.551384112374738777e-01 1.742139077616329523e-01 2.412376594775369476e-01 1.855049390961286404e-01 3.348489964030720301e-01 3.643145866467387139e-01 4.101707445383999118e-01 3.885385574255549868e-01 2.335055221694139205e-01 1.345591747666937121e-01 1.670952284597629345e-01 3.276157337402700320e-01 3.042389571559409589e-01 4.258554617817618682e-01 2.286820043416756820e-01
3.971556860900003483e-01 3.259029275869509967e-01 1.000000000000000000e+00 2.494751884622585236e-01 2.104756729774803492e-01 2.792747793367042486e-01 2.837296618448234553e-01 1.827221741227023910e-01 3.005575410813901005e-01 1.688962265086331183e-01 4.161345175334337232e-01 1.513306659071551596e-01 2.522129031659398057e-01 2.251718303727067438e-01 3.084980233915237680e-01 1.766318607844565292e-01 2.895340959382127211e-01 2.686501021006190704e-01 2.385502830360390902e-01 2.799748876156792354e-01 2.206341451272774978e-01 2.331834104938232677e-01 1.186016387319677873e-01 3.603184168197738346e-01 2.561322088090165483e-01 2.236315030465795273e-01 1.122556022543900744e-01 4.196771488429913988e-01 2.095380674238536689e-01 1.093156822932524336e-01 6.034430693663731665e-02 1.369046022725919631e-01 1.787268655325180422e-01 3.865477830937196768e-01 2.125448674405736316e-01 1.652435403245541834e-01 1.360627740099381866e-01 3.175949056142587379e-01 1.304158056830495571e-01 2.584397267593958603e-01 1.139324145186830783e-01 3.118031811402606768e-01 3.469932747649594473e-01 2.002723283215483707e-01 3.091077179837761202e-01 1.987202638446787240e-01 2.162657135967972766e-01 1.793092744747517009e-01 1.591568085871642446e-01 3.466493965345049388e-01 2.269423110081369432e-01 2.755059903706880142e-01 3.292079173079500154e-01 9.760872561124733782e-02 3.120377781419524377e-01 2.641196535906802922e-01 3.024181202815293124e-01 5.718296927680386332e-01 3.450705937649063970e-01 2.183922988550741628e-01 1.384537343307414570e-01 2.380348111558404367e-01 1.604434838140552655e-01 2.904644624406181874e-01 3.772514048534841846e-01 3.178490500910355343e-01 2.122342881237925805e-01 2.501082871564470622e-01 3.319312714665376141e-01 3.394193483202943562e-01 1.415481310343532084e-01 3.416590557307240816e-01 9.537475232142846038e-02 1.221318156763767093e-01 9.484659723407901089e-02 2.143849995537897013e-01 3.138119574887571206e-01 1.296024170977069512e-01 1.764362631448004037e-01 1.348870727063964936e-01 2.709185414898901967e-01 1.811481287237135807e-01 3.138231939371591284e-01 4.249674319850664794e-01 3.327324753236299837e-01 3.137007623464090900e-01 4.289733199641131423e-01 9.294351984889361040e-02 1.184280548760941187e-01 2.929818922868522857e-01 2.117913762707347158e-01 3.189251894105120666e-01 2.283725259635525917e-01
4.353268159676261795e-01 4.545468939486563831e-01 2.494751884622585236e-01 1.000000000000000000e+00 4.060254567216818877e-01 3.477252986274085300e-01 4.599265335050522485e-01 1.994351882368559647e-01 2.429042873269008362e-01 1.400192179812926874e-01 5.267977233889858946e-01 1.663001120636205532e-01 4.883665057972529921e-01 2.101277783817721290e-01 3.605897419141627092e-01 7.193619303722607883e-02 5.083242888718263464e-01 2.443194168376457698e-01 4.753062752184739059e-01 2.301291825493655130e-01 3.747508259897683880e-01 3.844436445879603204e-01 2.226364589656325554e-01 6.297439735059697785e-01 4.362591565565781537e-01 9.525129408266341802e-02 1.586808170155159792e-01 2.914822334636130718e-01 2.147796849649368234e-01 1.533377162215734668e-01 2.244039469152581956e-01 1.242763975911523461e-01 1.674067813920704362e-01 4.341007368506571429e-01 2.291907629350912190e-01 1.627089325166643785e-01 1.125004253027978574e-01 6.365462550948731701e-01 7.023118976635878141e-02 3.981890808902076584e-01 6.857722803914419185e-02 4.912867899344859346e-01 4.005400066537437853e-01 4.088607026160376301e-01 5.424604688032108601e-01 2.760345903126147360e-01 3.002567088300523990e-01 1.846554050196232977e-01 6.303510691168494329e-02 2.287845090063157782e-01 2.943643908577447399e-01 2.775673907961547227e-01 5.737452081059035702e-01 1.207553085009208937e-01 4.191354098702488318e-01 3.395242968060236954e-01 4.549339723868877639e-01 3.883258270677948376e-01 4.623142243317026057e-01 1.818848773092920923e-01 1.647090156734814514e-01 4.508282866310289738e-01 1.316424807611824843e-01 2.140739178833257483e-01 6.149983706834507569e-01 3.262292204501866522e-01 2.064402534467349448e-01 2.849773041203667590e-01 5.033288439441964135e-01 3.138003583903901661e-01 1.509591010456549920e-01 4.502858145268015533e-01 8.654158919324159149e-02 1.061778329971382606e-01 9.185801454926907639e-02 2.618551983210498091e-01 4.152242145221165526e-01 9.749941935110599533e-02 2.847890373588151114e-01 6.365109803432593416e-02 2.660226476351688074e-01 7.542366183496455878e-02 1.857981975634351857e-01 4.016032938383585771e-01 5.353654695787358753e-01 3.203370116003605994e-01 3.327770180340611783e-01 1.523731016009127748e-01 6.291360920564115222e-02 3.937839080363459421e-01 4.422388679596722660e-01 4.504656942753421101e-01 2.917782769719975411e-01
1.955424155572121903e-01 1.962531657510292182e-01 2.104756729774803492e-01 4.060254567216818877e-01 9.999999999999998890e-01 5.158078066694753439e-01 2.024336064745476671e-01 1.590868210319716369e-01 1.221736893404448687e-01 7.538399646234988927e-02 3.787974815545757101e-01 9.130158940795735090e-02 2.270872738466738205e-01 1.406034650055798529e-01 2.557720428692153436e-01 8.842833257798766999e-02 2.553924208180611832e-01 1.676910262946303687e-01 3.859352366992091499e-01 2.093966271026379833e-01 2.243897563269438011e-01 1.276799574128571479e-01 9.113185690682869267e-02 3.796891482319961209e-01 1.764429528449801277e-01 8.707768217278701040e-02 1.030930720131531253e-01 1.800291732304387660e-01 1.601875571905523876e-01 1.917670945740403698e-01 1.249573206895715771e-01 9.398258864341813013e-02 1.346326043974785669e-01 2.949194572507828349e-01 1.684544747772354634e-01 1.211938519904771916e-01 1.323077373769469267e-01 3.949113308875913386e-01 7.313350510699871687e-02 1.796666138602476537e-01 7.325457767467369319e-02 2.738294727495156899e-01 2.398450063782667785e-01 1.307724686876038656e-01 4.261990308292988305e-01 1.093896999714214918e-01 2.116190709040803586e-01 1.487574337166145122e-01 7.704313534081148884e-02 2.052609111184107438e-01 1.658045324584240809e-01 2.392619200376453481e-01 3.451642032866665821e-01 9.409231559373368303e-02 2.360399772325104117e-01 1.728806001738283082e-01 2.445729485847995544e-01 1.791932982364716209e-01 2.085050231412604316e-01 1.142266398848618553e-01 1.243981018237580727e-01 2.372569526687580421e-01 8.716943684358600952e-02 1.515898241057676010e-01 3.435534848689781873e-01 1.511940322377311463e-01 1.087876849534160223e-01 1.899829399321027179e-01 2.148078381853401886e-01 3.350525692092861108e-01 1.432173930717927368e-01 3.667833562633140976e-01 9.140328830368191215e-02 7.802114336481152934e-02 5.882316453060004030e-02 2.108650926255410119e-01 2.890424099582790674e-01 7.382139594409929673e-02 1.656750999459653817e-01 7.367223965828488541e-02 2.352082688967465918e-01 8.405797945366696999e-02 1.262088519343309012e-01 2.082628940741320378e-01 2.884913086316350794e-01 1.901804582918187880e-01 2.357197320528956752e-01 3.914870712245310108e-02 7.541974774958075389e-02 2.652489382828429054e-01 1.787618067086506057e-01 2.110736468967246982e-01 1.826838726967298099e-01
3.137039915808729762e-01 2.371896650070456081e-01 2.792747793367042486e-01 3.477252986274085300e-01 5.158078066694753439e-01 1.000000000000000000e+00 3.206180175759288375e-01 1.525697194812499491e-01 2.144495137544752128e-01 1.997871701318922610e-01 4.231068908758174318e-01 1.418351222459197647e-01 3.797583476554386439e-01 2.339003035322566593e-01 3.074699057902350319e-01 9.944966555332063196e-02 4.038502096573391431e-01 4.720198929098191054e-01 3.423976905370060830e-01 3.275816605000024251e-01 1.837974180717154293e-01 1.890425162799707626e-01 1.410532799770884971e-01 2.855293770318411695e-01 2.530398760553487225e-01 1.972471738232320637e-01 1.347472079043477711e-01 2.587086837167377196e-01 2.413275757329586546e-01 2.661245285340955169e-01 1.368470322525293381e-01 1.201208162670498458e-01 1.551134457722295745e-01 4.427471785191262610e-01 2.174548062095288947e-01 1.457895586910193386e-01 1.509064190735572020e-01 3.019808894738182370e-01 8.949528169304042657e-02 4.158471168481491231e-01 8.987915993076293908e-02 3.335278869913116395e-01 3.464171316082875762e-01 2.069495330381685982e-01 4.178726728483621033e-01 3.588605291075806503e-01 3.848146357148931052e-01 1.656945156350097259e-01 8.283513173365805726e-02 2.635243245711653137e-01 2.593587011011596610e-01 3.853172626691961367e-01 3.598543072545964394e-01 1.824100302499546411e-01 3.841266371220959930e-01 2.601551309488828734e-01 3.900705141903327844e-01 3.399675754947841244e-01 3.415397400082822443e-01 1.766422382816132952e-01 1.507854872174741456e-01 3.222072673121745834e-01 1.246277604712301007e-01 2.948724282086976900e-01 3.403446840530760520e-01 3.120435650149306905e-01 3.623118182537049536e-01 2.652742699628201639e-01 3.202680828787730083e-01 3.106774208963253847e-01 1.508162025826808028e-01 2.909090907445865404e-01 1.124447032772912941e-01 1.220749421251332567e-01 1.320901147767764849e-01 3.719950666230436020e-01 3.979932916731404591e-01 1.214381448245635819e-01 2.029207174928139290e-01 8.510856402259893427e-02 3.598755405825351250e-01 1.079294470357232416e-01 1.726118022009954234e-01 2.985477417950270773e-01 2.541231227992720165e-01 2.313074646531637635e-01 3.989928567505239831e-01 1.460042120429183576e-01 9.167192316524504225e-02 2.815958028725900619e-01 3.243340990584959171e-01 2.447163816836009365e-01 3.061695185742601688e-01
4.711049036000253265e-01 4.186801963728435938e-01 2.837296618448234553e-01 4.599265335050522485e-01 2.024336064745476671e-01 3.206180175759288375e-01 1.000000000000000000e+00 2.599927011093473572e-01 2.041975130659536564e-01 3.295972157767085853e-01 4.640610391355286524e-01 1.724503270916866171e-01 4.280694410847284415e-01 1.990265482654570706e-01 3.491984897152638490e-01 1.532421215160094108e-01 6.246153257037420081e-01 3.374633249707029159e-01 2.784045638249271204e-01 3.126611893201752812e-01 2.683787621227283759e-01 2.142629736461109935e-01 1.804338679391175870e-01 3.903462743389392031e-01 4.729156587982366045e-01 1.350102005887415801e-01 1.907873472045912566e-01 2.966104769953051279e-01 2.543262834038974018e-01 1.767071586783273140e-01 1.250954175887257491e-01 1.708753909413006367e-01 1.335491555918311701e-01 4.763292321850620126e-01 2.867320848918682441e-01 1.778415949754678649e-01 1.892953405117878130e-01 3.551765096447919712e-01 1.469796335544019672e-01 4.178599896839432781e-01 1.451132358637793884e-01 5.253277316425545296e-01 5.106524404946812812e-01 5.595932586393222996e-01 3.243682604699437699e-01 2.509404604466312638e-01 4.344857028069999405e-01 2.099293933244845700e-01 1.578283921844465254e-01 3.489450893032181589e-01 4.410163103082411773e-01 2.804608695218103742e-01 4.692486306397984919e-01 1.720170326024083596e-01 5.241235167875366585e-01 3.498550080854225808e-01 5.028588415916608323e-01 3.773332927957825378e-01 5.439153413062217668e-01 2.805494712719928119e-01 2.247458283226636544e-01 5.140444034788770322e-01 1.601862391484713544e-01 2.826152395023818209e-01 4.383923639086847457e-01 3.300926141343835107e-01 2.346177573355288648e-01 3.881332935641513271e-01 5.935996547375474996e-01 3.377753770643341924e-01 1.797130193636697626e-01 4.059527331570778608e-01 1.739353668019516241e-01 1.707531611671380678e-01 1.074738470442225535e-01 3.186966013154020061e-01 4.310902304864976387e-01 1.382301715122121744e-01 2.724567045808175547e-01 1.523556519725510483e-01 3.334189896872237768e-01 1.457250628325506003e-01 2.691493131199649835e-01 3.575558711876063445e-01 5.808412097253887740e-01 5.055710206178645194e-01 3.079392032033591020e-01 2.788393011961545764e-01 1.425298754465296469e-01 3.470212174056054866e-01 5.146342624223202433e-01 6.998658782073030604e-01 3.621610583332147137e-01
2.330851678828728124e-01 1.816346823799508958e-01 1.827221741227023910e-01 1.994351882368559647e-01 1.590868210319716369e-01 1.525697194812499491e-01 2.599927011093473572e-01 1.000000000000000000e+00 1.654399741849224559e-01 1.926348123905675114e-01 2.784747313488061260e-01 1.123183531716176464e-01 2.397201260710612458e-01 1.773279843517806820e-01 2.647708409340984725e-01 9.660286932195712162e-02 2.542825486607659391e-01 2.406009043370167522e-01 1.434446178766796143e-01 1.340268600579942737e-01 2.301418963190904887e-01 6.749169188978515477e-02 1.538389766151891103e-01 3.436077264115983132e-01 1.692016227250632276e-01 6.855437574435051251e-02 1.179488671834412195e-01 1.418184192440093971e-01 1.179925577527690395e-01 1.722496881548334080e-01 1.456596181349280594e-01 9.520291596065441619e-02 8.384041354831624215e-02 2.500316403427354506e-01 2.195121723926315993e-01 1.084386923204534031e-01 1.024053366539501991e-01 2.189146398069017063e-01 1.044441292635088087e-01 2.624749645034646917e-01 1.035911147421899048e-01 2.294633416759918054e-01 3.412846662207289494e-01 2.165561067060502165e-01 1.901055784896283907e-01 1.312110669505409388e-01 1.391926525952944249e-01 1.245189643990695927e-01 8.684279892608168239e-02 2.569285478179845761e-01 1.899892873503663537e-01 2.292954827172779819e-01 3.534758867411930128e-01 1.106103122201577832e-01 2.901309909652218244e-01 1.708736951874572918e-01 2.172610670164311086e-01 2.616775638121079939e-01 2.345049623105253944e-01 1.700588278738618120e-01 1.300532769952801870e-01 1.993071687412922011e-01 1.343302289606198574e-01 1.896190183909001736e-01 2.109227973118290023e-01 2.305049669277011715e-01 1.176108382927847501e-01 1.532047618464681682e-01 2.147669119384710279e-01 1.771605351067300493e-01 1.074670848918150706e-01 2.231350717642451575e-01 9.493689831245151478e-02 9.441576500753963430e-02 1.200726984217969362e-01 1.339692345992019307e-01 2.131572688642773272e-01 9.378560296122498419e-02 1.811087878043879940e-01 9.959404809403310521e-02 1.792339183038030581e-01 9.503371939564048132e-02 1.454587774151036850e-01 2.574228397427394399e-01 3.021372163020267232e-01 2.212307051845446015e-01 1.145199091382128331e-01 2.347185956321997391e-01 9.425696574232433900e-02 3.548937454664761737e-01 1.923791608096910577e-01 2.688739646540653783e-01 2.604411487585768792e-01
2.937318039875467801e-01 1.514613085187196395e-01 3.005575410813901005e-01 2.429042873269008362e-01 1.221736893404448687e-01 2.144495137544752128e-01 2.041975130659536564e-01 1.654399741849224559e-01 1.000000000000000222e+00 1.427835399596668886e-01 3.877545127779044587e-01 1.351292215752375181e-01 1.575930563353429847e-01 1.606676760584895558e-01 2.225817702554772348e-01 8.692867329545606037e-02 1.594960775975957090e-01 2.110660680934730027e-01 2.645813695716195957e-01 1.092078040630919122e-01 2.581872197768774191e-01 3.627229379944265641e-01 5.179695650540548924e-01 2.389970125913939980e-01 1.689335808759889201e-01 1.562928725308671551e-01 1.194477304503287068e-01 4.746513465052413228e-01 1.604710139073563524e-01 2.595400838533666876e-01 1.088251928683052205e-01 1.263210232509397735e-01 1.159648685387862366e-01 1.887385085641584692e-01 1.645889239789261049e-01 1.210432128701684068e-01 9.958838500734566723e-02 2.625089434702195246e-01 8.355661699684598098e-02 2.120627336867509094e-01 8.775606886775311200e-02 2.209069213700115275e-01 2.294093881316963679e-01 2.108644545350273902e-01 1.946531015554672783e-01 1.744833729620237639e-01 1.579589005514219213e-01 1.427551873540789940e-01 7.006260466741842663e-02 1.566988822212619648e-01 1.069915195666926166e-01 2.186281915751561167e-01 3.094272004464418413e-01 6.761521312103881132e-02 1.905131150960688302e-01 1.823496229362386312e-01 1.589423932148750496e-01 3.597873488622893023e-01 1.315118618444657828e-01 1.231216616114229334e-01 1.575868672252108416e-01 1.271804013067039107e-01 1.480791856658353334e-01 1.960316949808078857e-01 2.546311939080784792e-01 2.239689061014714377e-01 1.980359144727413534e-01 2.914202224570107691e-01 1.001176646854904928e-01 1.656208462335213294e-01 1.449694670264727037e-01 3.299665822983729457e-01 8.108035423002944719e-02 1.241697887000720452e-01 4.821880797676190988e-02 1.212562424844622899e-01 1.542078678161775684e-01 1.304848267796979988e-01 1.747307109980365536e-01 6.982463511572363501e-02 2.345519586619028429e-01 1.037782699633376798e-01 1.699097262802227726e-01 2.016229204125018493e-01 2.506804576762141634e-01 2.111361571027134398e-01 2.950938285224888324e-01 2.267113763339929644e-01 8.006425398723240883e-02 3.540102576201777929e-01 7.156231620419145623e-02 2.163579805582307725e-01 1.630971528765223499e-01
1.554605192599930741e-01 1.403972110334706092e-01 1.688962265086331183e-01 1.400192179812926874e-01 7.538399646234988927e-02 1.997871701318922610e-01 3.295972157767085853e-01 1.926348123905675114e-01 1.427835399596668886e-01 1.000000000000000000e+00 2.374782025063853219e-01 1.028459426670638860e-01 2.254063207506366573e-01 1.112145841743900493e-01 2.497905535074609606e-01 8.424966254784066466e-02 1.334766674662017372e-01 1.335516750884120085e-01 1.342996703903960587e-01 1.173367707668590137e-01 1.702851082415178241e-01 7.788326545856855132e-02 1.250493713928815531e-01 2.060982354956822360e-01 1.199115595732933998e-01 1.251408945724362953e-01 8.533329665756153593e-02 1.717791356891648913e-01 1.155948899622756959e-01 1.237981545842068154e-01 6.356116005245679434e-02 8.346778234088859938e-02 1.515349501983455083e-01 1.851522351499963193e-01 1.853740641805000366e-01 8.123008922927800468e-02 1.231197125251399793e-01 1.528931697654756228e-01 8.949696669561764406e-02 1.865844638071881278e-01 8.988865555766456517e-02 1.982673466734722056e-01 2.036476623378702666e-01 1.833188297460377481e-01 1.501720149626666057e-01 1.056018176487424909e-01 6.545825640674139967e-01 8.962179638516246105e-02 7.725940320443339115e-02 1.385758852186568246e-01 1.190887225563718038e-01 1.713932469094751332e-01 2.466866304741208160e-01 9.883936836761221534e-02 2.075985955918427106e-01 1.566958674087688963e-01 1.382766389618735325e-01 1.396331841499911519e-01 1.473821789457709086e-01 1.228566842409021531e-01 8.597714482758392340e-02 1.747317158525495684e-01 1.195880500424890275e-01 1.409363657865190522e-01 1.349512525771492666e-01 4.638398070512452231e-01 1.259109107546255157e-01 4.051021939294771057e-01 1.752716935360832118e-01 2.019146675601991847e-01 9.430213759418930308e-02 1.560250938314065583e-01 9.102837070607200376e-02 8.344889819955864096e-02 6.766977460506941322e-02 1.158445062610393844e-01 1.309885153484046938e-01 9.576861823785026706e-02 3.164162009362198047e-01 8.946961186389040810e-02 1.557816842191745710e-01 7.644470743236894683e-02 1.346403893857418266e-01 2.063361535436280536e-01 2.200239891772222123e-01 2.384590313756883295e-01 1.029379486960632639e-01 2.329663831904571214e-01 8.744544688318675596e-02 3.433978580848653928e-01 1.074195799402306029e-01 1.987116275005827160e-01 4.141038981783166650e-01
4.775593157052268611e-01 4.092325323125134418e-01 4.161345175334337232e-01 5.267977233889858946e-01 3.787974815545757101e-01 4.231068908758174318e-01 4.640610391355286524e-01 2.784747313488061260e-01 3.877545127779044587e-01 2.374782025063853219e-01 1.000000000000000000e+00 2.017405074885506022e-01 4.878906301561350412e-01 2.592549948491555956e-01 5.147997852229440063e-01 1.196708301240448219e-01 4.689094110908322843e-01 3.895254627874304432e-01 4.797333496722874790e-01 3.470093005128369601e-01 4.610682259326450150e-01 4.309230122472779700e-01 2.478667941652182294e-01 5.203296925518609006e-01 4.097610451867376713e-01 1.353973108983259344e-01 2.051138601214419210e-01 4.859355257956586849e-01 3.375152060460280268e-01 1.821170843125546335e-01 1.747619990246391530e-01 1.503586434324275800e-01 2.194505178557166758e-01 5.821408264370481200e-01 2.588294332315182467e-01 1.918195446923031955e-01 1.672222973234949173e-01 5.208537732071998327e-01 1.110078593225972271e-01 3.819072276748148864e-01 1.004248960714912708e-01 4.701243607116808998e-01 4.776343144636323590e-01 3.111510388302313190e-01 4.506751092749977650e-01 3.585521811365944278e-01 3.642084507106417290e-01 2.515234443319473989e-01 1.118031895670461850e-01 3.664254021232055125e-01 3.098489148021491557e-01 5.939716834883704832e-01 5.702444007593530095e-01 1.314261241339535757e-01 5.463948244818763733e-01 3.687068227211232063e-01 4.792205359759775796e-01 5.262617205666600961e-01 4.079943050901039259e-01 2.502034522405873762e-01 2.276642045461686747e-01 4.331489261611596309e-01 1.895028136573020661e-01 2.998247371048453069e-01 4.705082287107482109e-01 4.093412751012076578e-01 2.533331051240700904e-01 3.543396191772424375e-01 4.369583405460630843e-01 3.657453571461435349e-01 2.090562316059360881e-01 5.962100697901723256e-01 1.160667453760925311e-01 1.547589633051621727e-01 1.131815825861057223e-01 2.678041394742738945e-01 4.498566389884131045e-01 1.471373755320447008e-01 2.803032257023005402e-01 9.281479017172650225e-02 3.881776153163832843e-01 1.246538477923336136e-01 2.544638302849819289e-01 4.452127018480047105e-01 6.650449270925857803e-01 4.123180215724300823e-01 4.839241003428306764e-01 1.638181953794601298e-01 1.037941749247534157e-01 4.681227294658166782e-01 3.436203891036024305e-01 4.783386712292478360e-01 3.851157298366660320e-01
1.859357680042737493e-01 1.879437583554245950e-01 1.513306659071551596e-01 1.663001120636205532e-01 9.130158940795735090e-02 1.418351222459197647e-01 1.724503270916866171e-01 1.123183531716176464e-01 1.351292215752375181e-01 1.028459426670638860e-01 2.017405074885506022e-01 9.999999999999998890e-01 2.125738496929641397e-01 6.772943819717808234e-01 1.968680073513637274e-01 8.074330687538205931e-01 1.361848714798362947e-01 1.782918597439479558e-01 1.666505883388288700e-01 1.761066174163547216e-01 2.281054764415597347e-01 1.229519553692257211e-01 6.321882950291253522e-02 1.824570322543249690e-01 2.470430741931522456e-01 1.339200186449895635e-01 8.950859119114047413e-01 1.468599679283741910e-01 1.345364133831203346e-01 5.070312940130042995e-02 1.166940439312800643e-01 9.505497930191288969e-01 1.047811560353212185e-01 1.477737125395772455e-01 9.984868747457238680e-02 9.710991140051644654e-01 8.369812912340836020e-01 1.694348897996776904e-01 8.114209606910957051e-01 1.527078495036286732e-01 8.202831670054687718e-01 1.974573276189059978e-01 1.431729196475617916e-01 7.195185022959023347e-02 2.264500314537611358e-01 1.290765133073183135e-01 1.152013930527295282e-01 9.305574169977220977e-01 7.910341801558118391e-01 9.439151591543767927e-02 1.025240523231993328e-01 8.243971284036830105e-02 1.746350958167889045e-01 5.063787343693497423e-02 1.736114430184483026e-01 1.533930219141727003e-01 1.547772716494622280e-01 1.329847430322941559e-01 1.523595496485152800e-01 1.291017730485967130e-01 9.280315151919830141e-01 1.341616195355465890e-01 9.187540035822938655e-01 7.861468742164225976e-01 1.595277918930977090e-01 1.669721559656456855e-01 6.521004180203286982e-01 1.950472337900284459e-01 2.250921154671649271e-01 1.498272330513994166e-01 9.339301801134344272e-01 2.280453161204375467e-01 8.484208723592714385e-01 9.579895186708879962e-01 4.687407055903627939e-02 2.444183117697610597e-01 2.114827375742909243e-01 9.198565268836400577e-01 9.477521882977496537e-02 8.017809619127426179e-01 7.413773106302486982e-01 7.992455300424176068e-01 7.486253599546396353e-01 1.822450196055458715e-01 1.360408875166663201e-01 1.917657284823138797e-01 1.470768033324724722e-01 7.147126073159512649e-02 8.185064706056444095e-01 1.579788484010625771e-01 1.331925263031905615e-01 1.363883577393337487e-01 1.392424589595293305e-01
3.945599157591114237e-01 3.569868253626807819e-01 2.522129031659398057e-01 4.883665057972529921e-01 2.270872738466738205e-01 3.797583476554386439e-01 4.280694410847284415e-01 2.397201260710612458e-01 1.575930563353429847e-01 2.254063207506366573e-01 4.878906301561350412e-01 2.125738496929641397e-01 9.999999999999998890e-01 2.555059153498124291e-01 4.130094932151978648e-01 7.478173102285279317e-02 5.029080429971246602e-01 3.357479159000508195e-01 3.644321719052763253e-01 2.282327939809017103e-01 2.846674532799789992e-01 2.319708649657956645e-01 1.537568355502873796e-01 4.560248810934528496e-01 2.626540115017775845e-01 1.066911959229666224e-01 1.789798642102855830e-01 1.832753405149879777e-01 2.628370983675158978e-01 1.619071945122735889e-01 2.036792476809063390e-01 1.445900715535956005e-01 2.163510581604868033e-01 5.783557506088277123e-01 2.106228918685346951e-01 1.750916009413693297e-01 1.234827913178252329e-01 4.973056207733392298e-01 6.997863026381552498e-02 3.552331357088354680e-01 7.042078818303013077e-02 3.820278327252218942e-01 4.285637451127933262e-01 2.483159748788414112e-01 4.841928591224305412e-01 3.207071102153968845e-01 4.281983943634904977e-01 1.896955445606497703e-01 6.714453928028343843e-02 2.252015248360351996e-01 3.138926737734897832e-01 3.457231883158888852e-01 5.318436535034738455e-01 1.945796283730854559e-01 5.688543899157738615e-01 3.363465613992444037e-01 5.102888687565211301e-01 3.384510525792590596e-01 4.783053626808167480e-01 2.524281763769224973e-01 1.723520054152423708e-01 4.496762217603580414e-01 1.763093553781368561e-01 2.551419149769135752e-01 4.453572555029285951e-01 4.344536466878968772e-01 2.887883325070972340e-01 2.500557283491909311e-01 5.154518650795303358e-01 2.879613855369616005e-01 1.425113899820963648e-01 3.755016122517455535e-01 1.015431160948047640e-01 1.171624043440070428e-01 1.106872984862680154e-01 2.975518861635881307e-01 4.387746495439160399e-01 1.208716208946593595e-01 3.086904715128475085e-01 6.473232860925362542e-02 3.041731480163014090e-01 6.447234588247961751e-02 1.927176272934414958e-01 4.308531563876019654e-01 3.761537576236998470e-01 3.136072244447752899e-01 3.703268329116660151e-01 1.110107429449204153e-01 7.304083755499540809e-02 4.035354313915122115e-01 4.883244969652736911e-01 3.606450450017848475e-01 4.443820968373178859e-01
3.640549371090544550e-01 2.401358110346592245e-01 2.251718303727067438e-01 2.101277783817721290e-01 1.406034650055798529e-01 2.339003035322566593e-01 1.990265482654570706e-01 1.773279843517806820e-01 1.606676760584895558e-01 1.112145841743900493e-01 2.592549948491555956e-01 6.772943819717808234e-01 2.555059153498124291e-01 9.999999999999997780e-01 3.200292086131898417e-01 6.901340329686854735e-01 2.166445870403554130e-01 1.802140368935020165e-01 2.214555366378039014e-01 2.110501012459589376e-01 1.937416831141232088e-01 1.920605229855661955e-01 1.027791520208788251e-01 2.166532075823505987e-01 2.644226279826716874e-01 1.176136114931342624e-01 6.930150035944480091e-01 1.585775721017080864e-01 1.909690153682109259e-01 1.164574537787833042e-01 1.304856906908898329e-01 6.682964155755666269e-01 1.830033819496504344e-01 2.410075740628579433e-01 1.855800965482446718e-01 7.162814491661569916e-01 6.864918109585151917e-01 2.370863633016883076e-01 7.335889126820644979e-01 2.365059114980165855e-01 7.332039847505645858e-01 2.574211500382455609e-01 2.194841315042030949e-01 1.150127887086513645e-01 2.600296906855475987e-01 1.860279836933128594e-01 1.832467601472498597e-01 6.995209979002833256e-01 6.801815370832191565e-01 1.471592896975077724e-01 1.836224824434373737e-01 1.401819749040786878e-01 2.110960927813633758e-01 9.348349176221253110e-02 2.617663306256347022e-01 3.473942875916500861e-01 2.502168470540468981e-01 2.994845257226552704e-01 2.262102157185339468e-01 1.486961429509261468e-01 6.838848866395399462e-01 3.049017181892093586e-01 6.784562024588254303e-01 8.141399243438437461e-01 2.130929869991309289e-01 2.354055759620460320e-01 6.500577385992740709e-01 2.308363936908530978e-01 2.580244621689501416e-01 1.584859353669260673e-01 6.425966505910772897e-01 2.017560415733238022e-01 7.124586847630340891e-01 6.486950775078660358e-01 8.488244225890061168e-02 2.807586245906200650e-01 3.059911731137071045e-01 7.063797050287146106e-01 1.373245879230190480e-01 7.115980005968913780e-01 6.823462691152836213e-01 6.867365717328333119e-01 7.144492949486188627e-01 2.476646576449582915e-01 1.775064272775953578e-01 2.716606184135060276e-01 2.759983907623327348e-01 1.014451944759865998e-01 7.059232545322509100e-01 2.530140919969968150e-01 1.810976559361868743e-01 1.871950144300520147e-01 2.521714967110155192e-01
4.981689932097351781e-01 4.460016288723402389e-01 3.084980233915237680e-01 3.605897419141627092e-01 2.557720428692153436e-01 3.074699057902350319e-01 3.491984897152638490e-01 2.647708409340984725e-01 2.225817702554772348e-01 2.497905535074609606e-01 5.147997852229440063e-01 1.968680073513637274e-01 4.130094932151978648e-01 3.200292086131898417e-01 1.000000000000000000e+00 1.982746272704850876e-01 3.062110196501025006e-01 3.408125800660176119e-01 2.970431644685970762e-01 3.124894917542022643e-01 3.831648326017357276e-01 2.540274080385152566e-01 1.833181567241908561e-01 4.219062081285389620e-01 3.618806199297725512e-01 1.347078478535867763e-01 2.060794314146433825e-01 2.987938296264244231e-01 3.103344116336008152e-01 1.560821091587628051e-01 2.264669401515507219e-01 1.722185039889814751e-01 1.996849502496719220e-01 3.750811595168274115e-01 2.865108638502217864e-01 1.972503273296423720e-01 2.465182579891446457e-01 3.909115753150718131e-01 1.987844085363348889e-01 4.105546447991421100e-01 1.676772968608442049e-01 4.852584217235634823e-01 3.052173817412326406e-01 2.704275159496585812e-01 3.597632019704112838e-01 3.511006681497180204e-01 2.156523010540583596e-01 2.179865630428967360e-01 2.060643006445471992e-01 3.996930927303266601e-01 2.644665679021707128e-01 3.830782218727797339e-01 4.816812516930276122e-01 1.478361721049229471e-01 3.380076673930374476e-01 4.103127627942463329e-01 3.539270464631983359e-01 3.151067519716330145e-01 4.738148006031783210e-01 3.956608233342539527e-01 2.660052143141533043e-01 4.575945814505407716e-01 2.252811125172056173e-01 3.355682255261112079e-01 3.918079931163109264e-01 3.151913601391003739e-01 1.809836448618334925e-01 3.933389093884447352e-01 3.756137641535429172e-01 4.168235903594912917e-01 1.594337462467235733e-01 3.977629927601452065e-01 1.734576041080924391e-01 1.652170849293331800e-01 1.487960500256560736e-01 3.446692605277895116e-01 4.367020855200571816e-01 1.989583928996542239e-01 2.227538123062592912e-01 2.091313865854501353e-01 3.568126712523388422e-01 1.364560430728896379e-01 3.644407144198578696e-01 4.697235392405708643e-01 4.628780479033804407e-01 4.391075887177036119e-01 2.744988919960617002e-01 1.762039532683794263e-01 1.828673358523772163e-01 3.883830018374186954e-01 2.075719135981182462e-01 4.092903817416136403e-01 3.330666949420523215e-01
1.550887481925672662e-01 2.042445005765888000e-01 1.766318607844565292e-01 7.193619303722607883e-02 8.842833257798766999e-02 9.944966555332063196e-02 1.532421215160094108e-01 9.660286932195712162e-02 8.692867329545606037e-02 8.424966254784066466e-02 1.196708301240448219e-01 8.074330687538205931e-01 7.478173102285279317e-02 6.901340329686854735e-01 1.982746272704850876e-01 1.000000000000000222e+00 1.006014483946865434e-01 1.285860275681946774e-01 8.804379215000751602e-02 1.694167522385705005e-01 1.243477409192129540e-01 3.966324511146241544e-02 5.268550177251579703e-02 1.572198381428418779e-01 2.434515344918831148e-01 1.180599871684541308e-01 8.067342180033038046e-01 9.674523269390974956e-02 1.229916857600524827e-01 4.777382590055353345e-02 5.888033832921579780e-02 8.245364665505016122e-01 8.152206983607637736e-02 6.991428548075144522e-02 1.034275969460223404e-01 8.455407803611890705e-01 9.372845374389658923e-01 9.589067052147731696e-02 9.624690240106696937e-01 1.011087361535224910e-01 9.647019230299846981e-01 1.371936389767553222e-01 8.973734929951111827e-02 7.744441703976225055e-02 1.105126095229900796e-01 1.061944819598357320e-01 4.609228437734920469e-02 8.067842977335638599e-01 9.776875358275710637e-01 1.397913333747466957e-01 1.036893500153709818e-01 9.220882059197786640e-02 1.029384867503082279e-01 7.252421427182539904e-02 7.696692144835859395e-02 1.027526313351478787e-01 9.282863401738843112e-02 1.262611163480387710e-01 1.793358207450819752e-01 2.206906234738199579e-01 8.411088770654214786e-01 8.552250989702905870e-02 7.702924913464317402e-01 7.723185774386377433e-01 1.257993981446202947e-01 9.146911136356800087e-02 5.512558637400534201e-01 2.015014687528137172e-01 9.583064784687421456e-02 1.724353434813057362e-01 7.639537844404751255e-01 1.985646702080287596e-01 9.381696477035957882e-01 8.317118456993042308e-01 4.628143913694229145e-02 1.477639856462519274e-01 2.182851008306357365e-01 8.216689113329955774e-01 7.334183941192068401e-02 9.781441838398443611e-01 6.653913877750529116e-01 9.581222987640528599e-01 7.978070041810905177e-01 2.070939077157371855e-01 1.706889856472440237e-01 2.013817950635370113e-01 7.149425522860758386e-02 1.040395057811644985e-01 9.645738305686856195e-01 1.191332602426720955e-01 5.763213026797044114e-02 1.869030079695159774e-01 7.520214242300150842e-02
4.695433559511863475e-01 3.645868239933486299e-01 2.895340959382127211e-01 5.083242888718263464e-01 2.553924208180611832e-01 4.038502096573391431e-01 6.246153257037420081e-01 2.542825486607659391e-01 1.594960775975957090e-01 1.334766674662017372e-01 4.689094110908322843e-01 1.361848714798362947e-01 5.029080429971246602e-01 2.166445870403554130e-01 3.062110196501025006e-01 1.006014483946865434e-01 1.000000000000000000e+00 4.009623486102625312e-01 3.271393204409739908e-01 2.989449832200394286e-01 2.277039637816453133e-01 2.046990625462148661e-01 1.258693739681767121e-01 3.615179469880180352e-01 3.455557427001832993e-01 1.472968439243623473e-01 1.260933635794484475e-01 2.221004759096281977e-01 3.008894212809187785e-01 1.277701984068069785e-01 9.474301030291563952e-02 1.177644825423548591e-01 1.212911137300328596e-01 6.147809686609764235e-01 2.740706666896525756e-01 1.225664593083864579e-01 1.219531843223916473e-01 3.829956815713837504e-01 8.037779146766646510e-02 4.890120836279228667e-01 7.592526180180192430e-02 4.367696749109755694e-01 5.682975041532400962e-01 5.976529756139296046e-01 3.738907639625929091e-01 3.084093606805124455e-01 4.647719971850594045e-01 1.484703477494834778e-01 7.089756759546946008e-02 2.508512082096852058e-01 5.169716111985924734e-01 2.985650673950731027e-01 3.930183809416560869e-01 1.589911249003318483e-01 6.770491245107560507e-01 3.943406675293485431e-01 7.324595588662475842e-01 4.390316805318183468e-01 5.928975084094223469e-01 2.882141437912257853e-01 1.308037054433076329e-01 6.975648552959013982e-01 1.244039954399032977e-01 2.779637591858457601e-01 3.813363982847127187e-01 3.017916765688176128e-01 2.924909081463265004e-01 3.109084717692774946e-01 7.110320904833784539e-01 2.681030437798007093e-01 1.637425848750400093e-01 4.418355614280943255e-01 9.796903329565950780e-02 1.071505501764264817e-01 1.035629097966950934e-01 3.311800918256843640e-01 5.426440647619158453e-01 9.971013332800579554e-02 2.347812283607533801e-01 7.045467429043614227e-02 2.946990208708283876e-01 7.956093908539986492e-02 1.841944098908140093e-01 3.704429044747961086e-01 5.397077042645820333e-01 4.018658187044590324e-01 4.120589861282715760e-01 1.852846425534262764e-01 7.133894081632757844e-02 2.437282625493389920e-01 8.147867479131936097e-01 6.502351084823400074e-01 3.681237691030674886e-01
