1.000000000000000000e+00 6.094094385746837705e-01 5.595187696274425138e-01 4.797670904499261590e-01 7.720735888644364442e-01 6.074716161925143298e-01 6.040504965275701466e-01 4.449186524384039498e-01 6.870218089719738463e-01 4.559474811281378770e-01 6.499168914858268753e-01 5.419616787568948268e-01 6.665188468712003322e-01 3.895256002267021289e-01 6.782322551165443913e-01 1.594126242987596587e-01 4.923272182126601226e-01 5.991310283426620753e-01 6.129765999935175014e-01 1.619150365837025429e-01 7.603603475518977417e-01 7.049608592347783587e-01 5.380023843208330270e-01 7.220642835165506090e-01 5.848948115731651409e-01 6.850763986140584461e-01 7.187041438789207870e-01 6.490045332266247691e-01 6.400305326982151932e-01 5.860801631775920395e-01 6.263406276539205120e-01 6.239215091396264068e-01 7.378911538009854665e-01 6.581754877683018146e-01 7.706868391429492204e-01 7.452155811704221922e-01 6.625275410190398784e-01 5.217888406544428648e-01 7.327119089136663321e-01 4.759711967030290092e-01 6.645961754717680803e-01 7.050451484692482618e-01 7.336499103209612738e-01 7.803511847615336450e-01 5.307483893145904519e-01 5.349503421978095696e-01 2.954526153601051419e-01 6.262468762930151200e-01 6.158700449396973253e-01 4.449820204630439147e-01 7.368446308351944696e-01 4.920323989549993948e-01 7.049309580693540189e-01 4.458211250888521326e-01 6.189806454551342041e-01 5.174532043483122123e-01 6.508640786650444765e-01 4.275592182319259971e-01 6.662232801932765902e-01 8.753409362077656519e-01
6.094094385746837705e-01 9.999999999999998890e-01 4.104008059278004272e-01 3.406662192685549484e-01 7.099940806253632886e-01 4.359428405063370815e-01 4.280346408357672550e-01 3.093335124011735715e-01 5.181184829562609506e-01 4.687571947669105232e-01 4.750625852757874301e-01 3.700802435511235111e-01 4.655680160723884020e-01 2.868853494711184338e-01 5.581457636102630238e-01 9.031838980715338472e-02 4.134120177541718011e-01 4.334456298529307805e-01 4.780990536056798357e-01 1.072173818408134055e-01 5.591467825344222931e-01 4.720868492761771673e-01 3.518032631108618524e-01 4.841647934327368286e-01 6.072600288117040446e-01 4.655489839038387534e-01 4.667323773556604216e-01 4.643494924005973634e-01 5.055094033679906618e-01 4.916927387165713759e-01 4.471809005480001376e-01 4.005630809005229498e-01 5.768492351858690581e-01 4.593746008409482773e-01 5.683134346685176919e-01 4.965643321745771277e-01 4.424097102261953518e-01 5.657183897767237291e-01 5.900632142223184440e-01 3.427474565262695338e-01 4.260310472243932778e-01 4.550917870576045576e-01 5.996046106786353524e-01 4.930863460253439579e-01 5.164217886462777463e-01 3.407331688582040941e-01 3.112114584716983434e-01 4.418590719891720142e-01 4.002814860599443469e-01 3.450012218494397653e-01 4.670290683259738507e-01 3.466598986114677872e-01 5.620787430970836107e-01 3.326952566035473735e-01 4.519217478123622733e-01 3.928611382662084428e-01 4.177640680206101131e-01 2.959535074118176401e-01 5.004917434438900248e-01 5.673311469963610021e-01
5.595187696274425138e-01 4.104008059278004272e-01 9.999999999999998890e-01 5.813159623688266553e-01 5.047884332696405130e-01 4.914745666695120585e-01 7.371647875745235279e-01 4.172116271573914625e-01 5.492406512470994207e-01 4.422469199528689665e-01 5.003778392582625134e-01 6.897538103903736451e-01 6.631858453730088421e-01 3.660140781586552206e-01 5.636918084087707559e-01 1.401254384516937845e-01 4.679424103617474406e-01 5.681897496555403659e-01 4.708547944458126855e-01 2.109357809002296857e-01 6.636624338727175054e-01 6.218118492883829562e-01 6.288868771881845898e-01 5.359175579237156484e-01 3.219003595714189925e-01 5.272522718553026566e-01 4.325913750599151841e-01 4.420434843723565210e-01 5.696061192353686353e-01 6.795503317722250136e-01 4.924433736268969963e-01 8.513251613324468448e-01 5.406009277966801196e-01 7.248375619484485055e-01 5.507934041394915159e-01 5.538211748194935558e-01 3.763347354006038592e-01 5.359518541523439206e-01 6.052390487976377909e-01 7.619250227282574617e-01 6.086071494952195460e-01 3.430723615361809808e-01 5.998442103166531369e-01 6.448807042503491571e-01 7.371183913374323993e-01 4.506046007506024909e-01 2.944856560048904615e-01 5.500491986433333480e-01 3.015009291898873567e-01 5.921024107770475053e-01 5.926654546582564853e-01 6.232330115998779840e-01 4.865348968160886356e-01 7.368775788488161060e-01 3.946979940370499151e-01 3.411446196271681885e-01 6.116455804062265189e-01 5.118289688180249764e-01 4.670850768001567621e-01 6.087213865285727721e-01
4.797670904499261590e-01 3.406662192685549484e-01 5.813159623688266553e-01 1.000000000000000000e+00 4.847068428209235780e-01 5.968431158135099057e-01 4.884502354831165571e-01 4.718072297276455496e-01 4.530979251142406294e-01 3.396896640264147060e-01 5.074688618517034788e-01 3.956188762619476940e-01 6.759849908728517986e-01 3.103820419216705706e-01 5.800432314397017119e-01 9.342426467482228825e-02 3.642286353124363218e-01 6.357510233780298003e-01 4.652895718629425081e-01 1.411531373249761967e-01 5.943168022375249215e-01 5.002095399130117581e-01 4.426180494216938044e-01 4.839755644638455978e-01 3.648767719685810373e-01 4.804391251583912670e-01 4.474441325222601740e-01 4.553513951624320044e-01 5.152547959754364415e-01 4.891818610027712788e-01 6.871161441340926102e-01 5.926811093704051903e-01 4.441907955004372743e-01 4.842185953722352165e-01 5.628205983385418110e-01 7.009048918159732633e-01 4.033024471379230147e-01 3.688613555947659606e-01 5.474684593795494658e-01 5.843340676476187490e-01 7.107077605420193400e-01 3.992318622055250898e-01 5.421336841560958630e-01 6.062793442359257767e-01 4.638893371787164432e-01 3.424936550339651720e-01 2.274444813857516012e-01 6.257607219173014768e-01 2.880513940581603261e-01 3.849407835615282769e-01 6.089539165394718401e-01 3.425586430329537468e-01 5.371067034301856280e-01 5.513851731950630830e-01 4.151036026757908837e-01 3.363179593284073565e-01 4.776074796897787356e-01 4.950671987341612734e-01 6.682193605527657621e-01 5.849481970565504341e-01
7.720735888644364442e-01 7.099940806253632886e-01 5.047884332696405130e-01 4.847068428209235780e-01 9.999999999999998890e-01 6.136570539045469452e-01 5.834482692742881671e-01 4.021651406977883592e-01 6.421399896105632887e-01 4.818015431945549820e-01 6.683758212361863293e-01 4.932501286326719803e-01 6.505323760148038481e-01 3.728442198273896335e-01 7.343355271145562968e-01 1.684429758190356397e-01 5.033455491291447537e-01 6.092452155911103340e-01 6.378793727211549136e-01 1.367870833508627038e-01 6.789543359881902163e-01 6.509383717593063556e-01 4.861036779960886678e-01 6.684466126586825485e-01 7.016572421398405979e-01 6.458231763288649896e-01 6.205560686323169373e-01 6.537009167327358927e-01 6.439996575038499094e-01 5.463984310620125795e-01 6.150601354980114177e-01 5.806163270034898627e-01 6.511464152200886479e-01 5.941898032003261054e-01 7.902866893145521487e-01 6.889483393963419244e-01 5.890895005325691436e-01 5.065214324222814257e-01 7.679344165306245529e-01 4.899731542502806514e-01 6.332310807275702835e-01 6.205297431149346954e-01 7.609690419026760022e-01 6.960984957970771658e-01 5.381214222370096500e-01 4.768518007301265627e-01 3.025583276003220301e-01 5.643014312459898596e-01 5.013063229814612720e-01 4.561133853668013494e-01 6.385721984055799938e-01 4.390369932687691601e-01 7.368672062977912329e-01 4.526100206528622105e-01 6.047181294768132487e-01 4.806574746556962485e-01 5.713278975292442885e-01 3.793471636241067535e-01 6.798274016373883066e-01 7.635210977503733565e-01
6.074716161925143298e-01 4.359428405063370815e-01 4.914745666695120585e-01 5.968431158135099057e-01 6.136570539045469452e-01 1.000000000000000000e+00 5.292491484592312112e-01 3.886582256326953089e-01 5.139673576572547642e-01 3.887716249519234668e-01 5.852891269239178795e-01 4.369938173434572692e-01 6.360668495379336873e-01 3.387681159564968625e-01 6.123886585586335585e-01 1.405829449961628896e-01 4.268312721728461101e-01 6.272962934968475679e-01 5.483403364031665950e-01 1.998551084262072119e-01 6.548482898939269603e-01 5.699326632353908240e-01 4.594549762262502557e-01 6.116158330361303186e-01 4.678345605257016593e-01 5.670952825090611604e-01 5.875899538656450538e-01 5.204051994625469302e-01 5.914136298547950643e-01 5.029317113059371680e-01 7.364213703733527572e-01 5.801198568263942201e-01 5.898779987500656352e-01 5.324819251495218619e-01 6.470663818777518950e-01 6.660365403369188364e-01 5.340447640799182993e-01 4.166842377816571963e-01 7.044173853504515082e-01 4.511949218372344750e-01 7.255951473739448154e-01 5.455301773855165681e-01 6.298485923759969962e-01 6.135339528696697187e-01 5.240261787025248807e-01 4.310321643610848796e-01 2.346790823475878307e-01 6.788279864488959703e-01 3.923275526019778248e-01 4.037540858453556036e-01 5.936465237862889044e-01 4.382482895445974913e-01 6.399318902134716325e-01 4.752353885157521440e-01 5.506012976074334819e-01 3.705465432033676620e-01 5.824511135865211298e-01 3.831684276705619729e-01 7.243180167342589959e-01 6.322063251793562655e-01
6.040504965275701466e-01 4.280346408357672550e-01 7.371647875745235279e-01 4.884502354831165571e-01 5.834482692742881671e-01 5.292491484592312112e-01 1.000000000000000000e+00 3.030607538455720729e-01 6.052312367368782864e-01 4.862314682485063821e-01 5.123113815505525581e-01 8.772319025963761785e-01 6.317619722039904406e-01 4.056391568336084608e-01 5.796765590437745752e-01 1.726473903703334978e-01 6.059763182923154634e-01 5.810648062959987703e-01 4.837796957917278595e-01 2.465863388464082095e-01 7.015032084629797549e-01 7.885446747206513729e-01 7.845978063973239047e-01 6.375496552755947066e-01 4.442052180486391610e-01 6.220731530743148774e-01 4.905808699877839962e-01 4.961619735902044748e-01 5.927778157555478877e-01 8.372625463096795562e-01 5.676506551079277818e-01 8.638537700869416414e-01 5.780209841207900601e-01 8.222889193477208591e-01 6.554603981429868442e-01 6.321386751095082746e-01 4.484132368773686705e-01 5.630096154128766406e-01 6.285697329394571709e-01 5.947364546342016611e-01 6.321648075578928383e-01 4.073593851357542039e-01 7.089453522741708813e-01 6.273473517052440274e-01 7.983515711416767635e-01 5.294880539114890095e-01 3.559693072932869073e-01 4.906236843662177827e-01 3.284865609934273789e-01 7.302272096267116153e-01 6.487092906466126463e-01 6.580219640442827034e-01 5.669281779840216196e-01 7.182597778723756043e-01 4.519599509558417383e-01 4.054587269513862391e-01 6.593563729557534447e-01 6.127660093428124455e-01 5.336239754661571411e-01 6.358391914305029369e-01
4.449186524384039498e-01 3.093335124011735715e-01 4.172116271573914625e-01 4.718072297276455496e-01 4.021651406977883592e-01 3.886582256326953089e-01 3.030607538455720729e-01 1.000000000000000222e+00 3.364359225824700705e-01 2.382256525796394853e-01 5.398772614789925095e-01 2.991658862800015140e-01 4.334541469142569325e-01 1.881111000059118299e-01 4.699212484755444508e-01 1.106638074438559688e-01 3.614415695314031618e-01 5.077667903926390558e-01 5.106834120983988479e-01 1.563247421806054638e-01 4.958111908511077526e-01 3.911267821911002529e-01 3.091820388627050664e-01 5.676825688367697076e-01 3.557105910658910353e-01 3.559143704951114873e-01 5.448267915130200478e-01 4.285605741752880893e-01 3.191831151525178489e-01 3.030202488617209089e-01 5.133565436139636562e-01 3.772948763877136402e-01 4.190288774836772867e-01 3.430768489545160116e-01 4.784831806530129850e-01 4.878676663849159101e-01 4.928002157729792776e-01 2.971262521121589839e-01 4.612954642147334416e-01 5.168280214088966096e-01 4.820902401804117998e-01 5.658784443468161118e-01 4.463230084531129016e-01 5.860323064108549085e-01 3.174994311328288021e-01 2.330406293774211213e-01 1.315641642069946549e-01 3.779577278153129494e-01 2.989618933328124784e-01 2.691698054366012949e-01 6.478991268801614911e-01 2.631263844047406764e-01 5.377320216297423183e-01 3.909937137837842802e-01 5.174212307113599252e-01 4.122777430974368662e-01 4.729375039676712578e-01 2.085085714143561086e-01 5.074794552051135055e-01 5.585268789700889025e-01
6.870218089719738463e-01 5.181184829562609506e-01 5.492406512470994207e-01 4.530979251142406294e-01 6.421399896105632887e-01 5.139673576572547642e-01 6.052312367368782864e-01 3.364359225824700705e-01 1.000000000000000222e+00 4.543925181901273258e-01 5.990528172295327414e-01 5.467999922045029271e-01 6.524367855055155374e-01 4.042855880725812479e-01 6.203994283273641663e-01 1.520848449970004790e-01 5.350638978813905267e-01 5.856645098060352383e-01 5.186263731013096567e-01 1.505069069610275312e-01 6.694622692969680600e-01 6.385812483846002863e-01 5.562366660126754070e-01 6.222775367481324649e-01 5.169112366288566296e-01 6.122291014763177053e-01 5.165569576223943971e-01 5.841159615014678286e-01 6.278441679163683231e-01 5.912236438293553276e-01 5.545158888931219776e-01 6.189454467653949798e-01 5.691121047196588956e-01 6.606844304365724341e-01 6.655188073607316568e-01 6.065614233697855795e-01 5.225167686956988522e-01 4.589976148801196421e-01 6.434955311214226592e-01 4.660839263244387354e-01 6.333842280530358471e-01 4.519645144440945228e-01 7.226007752159347985e-01 6.336719610891663468e-01 5.181598368887030404e-01 5.012133283177188092e-01 3.150251192479490703e-01 5.302105347290489989e-01 4.420527458317898839e-01 5.179679748835884778e-01 6.026103399669633376e-01 4.613210044907420371e-01 6.543505668648696982e-01 4.632380825786622247e-01 5.627103396504833377e-01 4.688211548538678275e-01 5.991153709165506491e-01 4.492738306852513408e-01 5.770420804773069845e-01 7.156595013961889462e-01
4.559474811281378770e-01 4.687571947669105232e-01 4.422469199528689665e-01 3.396896640264147060e-01 4.818015431945549820e-01 3.887716249519234668e-01 4.862314682485063821e-01 2.382256525796394853e-01 4.543925181901273258e-01 1.000000000000000222e+00 4.997636914200220271e-01 4.918839669637595224e-01 4.370703295640442354e-01 3.273426143838648605e-01 4.683374902505914594e-01 1.163151933557197565e-01 5.685895701164254135e-01 4.472857419457852424e-01 4.216709160084043950e-01 1.531868100028887236e-01 6.630197072492733934e-01 4.548966581228418016e-01 4.754768272776931926e-01 5.467320678928878630e-01 3.776991287415542020e-01 4.648075478410778061e-01 3.929242592421081648e-01 4.330752857445682169e-01 4.580517645188168507e-01 5.846288394786663956e-01 3.983454308927427689e-01 4.848900193035384776e-01 4.706396577177727747e-01 4.775364976782235371e-01 5.335997929929862105e-01 4.496852988373387094e-01 3.995967164894030366e-01 8.386353291507427921e-01 4.840580566105860960e-01 4.184552407036328803e-01 4.829840682220419290e-01 3.511108498712346981e-01 5.262622201986932868e-01 4.598577144218298218e-01 5.490363946412969431e-01 3.512524192557947011e-01 8.200078252202407381e-01 5.222191792788378750e-01 3.185975263669625912e-01 5.742022375047047822e-01 4.308625821784530796e-01 3.051739146856045082e-01 4.659405170200307533e-01 4.568954377776239251e-01 4.381856984768774943e-01 3.525204346806095623e-01 4.791024581617323586e-01 3.131601639265440551e-01 4.553523741234651867e-01 4.744229933278023559e-01
6.499168914858268753e-01 4.750625852757874301e-01 5.003778392582625134e-01 5.074688618517034788e-01 6.683758212361863293e-01 5.852891269239178795e-01 5.123113815505525581e-01 5.398772614789925095e-01 5.990528172295327414e-01 4.997636914200220271e-01 1.000000000000000000e+00 4.643015447909563109e-01 6.144481272932916793e-01 3.222809937622657106e-01 7.535017770984072660e-01 1.464682347185506939e-01 4.718004741112913902e-01 6.870063970300693823e-01 7.284070586854153317e-01 2.314331926148628926e-01 7.526902234739007991e-01 6.071323565469290973e-01 5.461242772409177215e-01 7.379621321268816647e-01 5.873790743280504767e-01 6.419592415629634674e-01 6.773326844330662677e-01 7.874422743342067710e-01 5.747101107005001541e-01 4.828137628607384046e-01 6.581003775996844274e-01 5.509445815675668712e-01 6.456677872023761644e-01 5.270541626914871935e-01 7.189976822790195010e-01 6.772582487233850257e-01 6.870618440169299346e-01 4.881422325470087253e-01 7.137710523936898754e-01 5.453872801812358340e-01 6.968087655006971470e-01 6.433328919790868294e-01 6.852759350859470855e-01 7.249893230124380139e-01 5.225417953388533654e-01 4.112022494017398277e-01 3.003828383820559833e-01 6.065947714940442825e-01 4.512055369491176915e-01 4.125057131385913567e-01 6.787415842040031011e-01 3.931460341505944589e-01 7.341133666960859561e-01 4.596197487823823757e-01 6.560170345973238559e-01 4.593542156022415446e-01 6.545451279673377698e-01 3.526248047604782498e-01 7.330025159058808359e-01 7.289977120738916350e-01
5.419616787568948268e-01 3.700802435511235111e-01 6.897538103903736451e-01 3.956188762619476940e-01 4.932501286326719803e-01 4.369938173434572692e-01 8.772319025963761785e-01 2.991658862800015140e-01 5.467999922045029271e-01 4.918839669637595224e-01 4.643015447909563109e-01 1.000000000000000222e+00 5.324383930455603986e-01 3.453930178604762147e-01 4.928718497350588201e-01 1.618303197529228910e-01 5.929021944133573419e-01 4.943279879358934426e-01 4.212442224237880062e-01 2.261402789826966742e-01 6.901143582862039327e-01 6.507887249442915190e-01 7.662020718804356534e-01 5.940806956177305809e-01 3.519197407173128567e-01 5.175131045983781819e-01 4.256480848838768982e-01 4.244890165657392855e-01 5.200994012025331736e-01 8.377116723389745889e-01 4.862632475559419687e-01 8.187875445810350872e-01 5.209628436315804079e-01 7.589243072343703211e-01 5.409012854815914428e-01 5.425262221572879628e-01 4.056996305681542236e-01 5.644501290787168335e-01 5.344396361779026883e-01 5.690388248367242996e-01 5.355338759457143327e-01 3.649988867461659847e-01 6.027979406007429874e-01 5.206110145084530405e-01 8.019562042793585421e-01 4.598741711553594458e-01 3.551784131403246114e-01 4.266501427947694269e-01 2.977223694908054941e-01 7.404455964374412336e-01 5.319179829732492149e-01 6.156973710327870997e-01 4.830498077262447842e-01 7.109591577225999881e-01 4.294331889843019945e-01 3.644872986860666630e-01 6.269343378364055086e-01 5.983095141886768387e-01 4.655327979129898486e-01 5.456458212565408195e-01
6.665188468712003322e-01 4.655680160723884020e-01 6.631858453730088421e-01 6.759849908728517986e-01 6.505323760148038481e-01 6.360668495379336873e-01 6.317619722039904406e-01 4.334541469142569325e-01 6.524367855055155374e-01 4.370703295640442354e-01 6.144481272932916793e-01 5.324383930455603986e-01 1.000000000000000000e+00 3.822162795300694249e-01 6.717582440261211651e-01 1.475296200926731194e-01 5.052103820115546595e-01 6.432946437855172617e-01 5.564077073651276795e-01 1.619489367800596158e-01 6.728059669911826690e-01 6.646276963152735195e-01 5.600827961880203709e-01 6.430799654440862989e-01 5.116316599150320110e-01 7.027694806858293397e-01 5.824503829590106374e-01 5.376270294592241372e-01 7.352324306859661096e-01 5.784584311964893200e-01 7.515677179309707689e-01 6.606824449605041005e-01 6.211327971862671271e-01 6.621554493435608535e-01 7.319201041622307446e-01 7.650097051252027214e-01 5.567259246891207436e-01 4.637919871696268292e-01 7.157254353561234295e-01 5.717792197323343650e-01 7.487611118740374883e-01 5.398689407431920273e-01 7.344030071098881507e-01 7.707551973585169414e-01 5.459726608182038365e-01 4.703431796987766478e-01 2.864306616822441809e-01 6.646006753220106145e-01 3.932672764085062833e-01 5.913980572090370424e-01 6.789274365666384536e-01 4.682641154253632809e-01 6.700629398746773546e-01 5.237807175510736934e-01 5.342536843199513497e-01 3.851877771918345572e-01 5.995535488672463220e-01 4.203274116811689387e-01 6.831648576566409226e-01 7.575731346367693408e-01
3.895256002267021289e-01 2.868853494711184338e-01 3.660140781586552206e-01 3.103820419216705706e-01 3.728442198273896335e-01 3.387681159564968625e-01 4.056391568336084608e-01 1.881111000059118299e-01 4.042855880725812479e-01 3.273426143838648605e-01 3.222809937622657106e-01 3.453930178604762147e-01 3.822162795300694249e-01 1.000000000000000222e+00 3.576202991560903932e-01 3.449484697545115996e-01 3.929821129555940429e-01 3.458826465272750728e-01 3.015201445203817276e-01 1.092733831734713223e-01 4.675681013604989777e-01 4.019206894577318501e-01 3.599465723505799741e-01 3.603154822429189275e-01 4.277372075094863502e-01 3.727300103487754535e-01 3.009489226846783771e-01 3.317642435478606600e-01 6.020511690305632158e-01 4.259304359388111361e-01 3.378242135256882550e-01 4.308503883134873202e-01 3.565778580557663613e-01 4.362806859041903906e-01 4.301153958087733931e-01 4.035248348720987255e-01 3.018498557154986606e-01 3.017795422464103483e-01 3.630802002479495139e-01 2.757811489501593716e-01 4.223082587685859091e-01 2.568237688647043160e-01 4.422700810195440146e-01 4.031213959397373370e-01 3.389556466177672256e-01 3.682241972357705451e-01 2.035606182554837995e-01 3.016534884152171081e-01 3.004967014485567800e-01 3.157095020290042742e-01 3.801249764653230612e-01 2.913352366217991651e-01 3.579477270701987845e-01 3.376148523873876983e-01 3.278641683073333923e-01 2.773012882911303767e-01 4.335820800316372292e-01 2.835105982718797990e-01 3.592942305110501944e-01 3.995190512900014812e-01
6.782322551165443913e-01 5.581457636102630238e-01 5.636918084087707559e-01 5.800432314397017119e-01 7.343355271145562968e-01 6.123886585586335585e-01 5.796765590437745752e-01 4.699212484755444508e-01 6.203994283273641663e-01 4.683374902505914594e-01 7.535017770984072660e-01 4.928718497350588201e-01 6.717582440261211651e-01 3.576202991560903932e-01 9.999999999999997780e-01 1.356857724728447734e-01 5.601399303649571282e-01 6.593965656808650211e-01 7.735900668545061531e-01 1.403942170491472574e-01 6.534682780575311600e-01 6.596664333706180328e-01 5.023786713883661159e-01 7.008766337893778120e-01 7.007960514057401946e-01 6.681417042858094346e-01 6.768923817144725241e-01 6.687508028306213825e-01 5.512604478753554416e-01 5.381309960731781583e-01 7.068023958095259740e-01 6.560319787076749343e-01 6.545962611951945398e-01 6.137185338972529491e-01 8.147636383680419980e-01 6.612962600442647831e-01 6.433385476643512790e-01 5.545113063840534373e-01 8.464465995523935415e-01 6.536415840301323943e-01 6.931744925802114654e-01 6.501706830673222859e-01 7.933386202471811588e-01 7.383735987950788004e-01 5.775831764718357686e-01 4.157365774122288582e-01 2.945844100638691510e-01 6.792500763480813220e-01 4.571725557697414177e-01 4.578010941385846633e-01 6.818830404546715185e-01 4.621764124089944303e-01 8.051598554694788801e-01 5.384705571078375330e-01 6.129333473665823373e-01 4.033210479551570526e-01 6.186161716674992705e-01 4.029642957482598153e-01 7.624008770746146801e-01 7.278645392150717708e-01
1.594126242987596587e-01 9.031838980715338472e-02 1.401254384516937845e-01 9.342426467482228825e-02 1.684429758190356397e-01 1.405829449961628896e-01 1.726473903703334978e-01 1.106638074438559688e-01 1.520848449970004790e-01 1.163151933557197565e-01 1.464682347185506939e-01 1.618303197529228910e-01 1.475296200926731194e-01 3.449484697545115996e-01 1.356857724728447734e-01 1.000000000000000000e+00 1.662558123505421259e-01 1.473774810600217422e-01 1.313166202350577738e-01 6.148143478619086388e-02 2.546802645091768014e-01 1.697371880886019702e-01 1.521683371203218227e-01 1.316437378178178796e-01 1.035328777409746936e-01 1.470489350607247780e-01 1.368582678762071125e-01 1.472822655182501050e-01 3.363043849627607718e-01 1.629595107055218095e-01 1.273742096544309699e-01 1.663726592302334495e-01 1.478191385775033395e-01 1.774324825016069529e-01 1.645529870012918117e-01 1.679824635459127025e-01 1.057838381616021950e-01 1.057237353462095880e-01 1.517982834217949939e-01 1.238565193463212061e-01 1.721419564748597197e-01 1.166816858761179077e-01 1.755143681963345914e-01 1.469368237260919308e-01 1.481358382519542272e-01 3.424717532981318424e-01 8.875398218577533471e-02 1.159804839427720363e-01 9.785867639508527560e-02 1.427296315102347668e-01 1.440550970246851636e-01 1.392933404359496807e-01 1.347594350766617988e-01 1.408763006498938986e-01 1.700151728170775367e-01 1.504832976176008197e-01 1.845567611606955816e-01 1.157526102163174142e-01 1.296429399648657554e-01 1.530580064790162675e-01
4.923272182126601226e-01 4.134120177541718011e-01 4.679424103617474406e-01 3.642286353124363218e-01 5.033455491291447537e-01 4.268312721728461101e-01 6.059763182923154634e-01 3.614415695314031618e-01 5.350638978813905267e-01 5.685895701164254135e-01 4.718004741112913902e-01 5.929021944133573419e-01 5.052103820115546595e-01 3.929821129555940429e-01 5.601399303649571282e-01 1.662558123505421259e-01 9.999999999999998890e-01 4.861128107112285823e-01 4.958745832224921157e-01 2.006535423855447808e-01 5.954078095991897079e-01 5.435875634115726607e-01 5.717956451981101029e-01 6.041314351591003939e-01 4.112848518872191383e-01 5.101671366327761303e-01 4.687309824032530048e-01 4.507215757186006089e-01 4.576089979153669662e-01 6.159353766419021214e-01 4.962791396307731362e-01 5.736473099957942745e-01 4.645309415051447899e-01 6.241537447048618459e-01 5.666208038599549468e-01 4.912084906986773913e-01 4.504931998395474424e-01 5.269109799866464883e-01 5.565580854216434226e-01 4.528368377881399898e-01 5.010688622547578852e-01 4.141763438596026692e-01 6.341227467764249948e-01 5.365787336514805661e-01 5.312138795674015146e-01 4.256363162310839998e-01 4.931952605578907578e-01 4.713160637335119252e-01 2.902384354000541178e-01 5.833962512922838961e-01 5.092495581913026870e-01 4.352378339483374825e-01 4.937694019385133748e-01 5.497664081307350736e-01 3.732263877001916752e-01 3.430245109230603551e-01 5.368437608218503687e-01 3.958471500404603383e-01 4.647503844305606591e-01 5.286164957114219964e-01
5.991310283426620753e-01 4.334456298529307805e-01 5.681897496555403659e-01 6.357510233780298003e-01 6.092452155911103340e-01 6.272962934968475679e-01 5.810648062959987703e-01 5.077667903926390558e-01 5.856645098060352383e-01 4.472857419457852424e-01 6.870063970300693823e-01 4.943279879358934426e-01 6.432946437855172617e-01 3.458826465272750728e-01 6.593965656808650211e-01 1.473774810600217422e-01 4.861128107112285823e-01 1.000000000000000000e+00 6.209372638331680516e-01 2.551032090321462831e-01 7.269863009519802466e-01 6.045920124282273544e-01 5.243718195193035614e-01 7.008937274486128910e-01 4.889079733024224717e-01 6.783113721619171699e-01 6.164392970386628479e-01 5.628506117174079115e-01 5.776063065813777930e-01 5.814592540714280666e-01 7.086731595370679981e-01 6.158619857914049422e-01 5.572518163158390880e-01 5.823448212622649445e-01 6.976926886681095175e-01 6.792106258322175849e-01 6.151122615875158628e-01 4.629003177511820666e-01 6.611291838657372688e-01 6.259935530998325115e-01 7.383569610978489850e-01 5.543701392199575917e-01 6.932809256689779209e-01 6.958900792257680656e-01 5.409092346817860886e-01 4.591788418187623400e-01 2.769130956993905990e-01 5.907019534904164315e-01 3.778080449666848528e-01 4.779657310453724883e-01 6.385960527795437880e-01 5.460571365943471811e-01 7.082815800681727669e-01 5.597813336967244480e-01 5.830915559498766054e-01 4.686593765726179694e-01 6.484088583976711506e-01 4.608991875150818540e-01 8.024961942304265072e-01 6.936458406714419711e-01
6.129765999935175014e-01 4.780990536056798357e-01 4.708547944458126855e-01 4.652895718629425081e-01 6.378793727211549136e-01 5.483403364031665950e-01 4.837796957917278595e-01 5.106834120983988479e-01 5.186263731013096567e-01 4.216709160084043950e-01 7.284070586854153317e-01 4.212442224237880062e-01 5.564077073651276795e-01 3.015201445203817276e-01 7.735900668545061531e-01 1.313166202350577738e-01 4.958745832224921157e-01 6.209372638331680516e-01 9.999999999999997780e-01 2.339214555589277933e-01 6.141010138300263543e-01 5.848382673576618673e-01 4.332969852000992383e-01 6.698656847235318068e-01 5.764278291307582958e-01 5.730134315617133600e-01 6.619981272632954328e-01 6.363063114452645053e-01 4.730589482440885618e-01 4.459099414565424468e-01 6.494238904061251372e-01 5.424270141110348886e-01 5.867575261199294845e-01 5.258302156652222559e-01 6.943866433901110247e-01 5.994298679126170981e-01 6.127646648978906097e-01 4.633434395861626420e-01 7.064851218313714654e-01 5.286811163428898341e-01 6.383640305469390208e-01 6.568901529450176247e-01 6.685063076505982638e-01 6.647403895879459013e-01 4.896309829482300979e-01 3.460617240543791828e-01 2.925870642717900427e-01 5.888876497730426429e-01 4.180247468198770577e-01 3.931847757581638514e-01 6.183914888868805582e-01 3.963282709655773228e-01 7.365801564882681340e-01 4.400906168064869783e-01 5.694597414321971307e-01 3.773063620747375557e-01 5.592316014473412977e-01 3.428589058497418796e-01 6.746048437925777908e-01 6.686698799794753567e-01
1.619150365837025429e-01 1.072173818408134055e-01 2.109357809002296857e-01 1.411531373249761967e-01 1.367870833508627038e-01 1.998551084262072119e-01 2.465863388464082095e-01 1.563247421806054638e-01 1.505069069610275312e-01 1.531868100028887236e-01 2.314331926148628926e-01 2.261402789826966742e-01 1.619489367800596158e-01 1.092733831734713223e-01 1.403942170491472574e-01 6.148143478619086388e-02 2.006535423855447808e-01 2.551032090321462831e-01 2.339214555589277933e-01 1.000000000000000000e+00 3.171124914398756323e-01 2.034997930687376666e-01 2.357725749515231506e-01 3.877228241438205880e-01 8.709006986564932218e-02 1.527095952431523074e-01 1.702063841422492840e-01 1.614314777162194348e-01 1.504399981096029293e-01 2.324654657489639564e-01 1.980489401107423109e-01 1.994163321572395842e-01 1.632511073043340644e-01 1.645921304044220268e-01 1.439390771690777504e-01 2.284041195958860515e-01 1.628256931025824084e-01 1.333200857235798398e-01 1.320373446267998629e-01 1.634869352258922215e-01 2.312271908461276115e-01 1.530489795381864970e-01 1.581551200438103544e-01 1.702797773240738444e-01 2.423904781441245104e-01 1.213427368857701860e-01 1.589391790948343208e-01 1.691802199740813084e-01 1.504563705195552659e-01 2.504470509548520352e-01 1.846489201069109187e-01 1.552937744989998370e-01 1.653181433600979799e-01 2.250858100822114849e-01 1.805735313338994175e-01 1.255343930349596404e-01 5.435732800678441112e-01 1.313908915306585545e-01 1.451950959076744874e-01 1.865615926734438546e-01
7.603603475518977417e-01 5.591467825344222931e-01 6.636624338727175054e-01 5.943168022375249215e-01 6.789543359881902163e-01 6.548482898939269603e-01 7.015032084629797549e-01 4.958111908511077526e-01 6.694622692969680600e-01 6.630197072492733934e-01 7.526902234739007991e-01 6.901143582862039327e-01 6.728059669911826690e-01 4.675681013604989777e-01 6.534682780575311600e-01 2.546802645091768014e-01 5.954078095991897079e-01 7.269863009519802466e-01 6.141010138300263543e-01 3.171124914398756323e-01 9.999999999999997780e-01 6.729223146575955550e-01 6.917308486945743518e-01 7.980091283866785901e-01 4.907521558269432593e-01 6.612846813463514328e-01 6.942830705002834835e-01 6.758100437716522135e-01 7.364995544924720638e-01 7.254274538211740175e-01 6.831403306156558219e-01 7.273185166368404397e-01 7.382383321578187552e-01 6.817303702321972914e-01 7.172062203166961192e-01 7.770263597718424231e-01 6.746924119759526439e-01 6.694423279228386425e-01 7.012416382448728447e-01 6.080208860011132588e-01 7.723538330895191040e-01 6.372151177118695609e-01 7.135947778249192019e-01 7.411201169753592888e-01 7.227438646760494523e-01 5.368867356417653669e-01 4.759093431248280770e-01 7.110083840073952999e-01 5.438185911328272670e-01 6.165614227241296152e-01 7.458526271260144114e-01 5.572123394257361140e-01 6.900766277225064416e-01 6.098771354918748333e-01 6.386083755913805060e-01 5.401998070567137766e-01 7.659204064292700620e-01 5.015511086387404172e-01 7.107145908038523530e-01 7.869084953427852858e-01
7.049608592347783587e-01 4.720868492761771673e-01 6.218118492883829562e-01 5.002095399130117581e-01 6.509383717593063556e-01 5.699326632353908240e-01 7.885446747206513729e-01 3.911267821911002529e-01 6.385812483846002863e-01 4.548966581228418016e-01 6.071323565469290973e-01 6.507887249442915190e-01 6.646276963152735195e-01 4.019206894577318501e-01 6.596664333706180328e-01 1.697371880886019702e-01 5.435875634115726607e-01 6.045920124282273544e-01 5.848382673576618673e-01 2.034997930687376666e-01 6.729223146575955550e-01 1.000000000000000000e+00 6.185048531859413945e-01 6.958306246324653666e-01 5.538204998805220658e-01 7.313922974621939188e-01 6.003547038553309623e-01 5.608024813412805232e-01 5.977793444952556046e-01 6.224642159756335058e-01 6.341094700388341110e-01 7.192067062209245298e-01 6.649623045506207752e-01 7.807297807617722407e-01 7.401945982423058235e-01 6.900823928484147718e-01 5.772751310778985179e-01 5.614352785291698567e-01 7.136507654008769075e-01 4.810261227682915419e-01 6.547509624954482854e-01 5.465341135884990154e-01 7.457168710453352389e-01 7.034838523810433841e-01 5.931423706903370396e-01 5.036768325306063554e-01 3.145252739347849102e-01 5.410304332530735394e-01 4.113458559372040191e-01 5.096003326934303024e-01 7.353947812070805723e-01 6.091187741919233956e-01 6.685829812020350760e-01 5.004480575005209042e-01 5.788220030394788385e-01 4.265463295463291504e-01 6.469444457481411392e-01 5.316839174868498441e-01 6.295891826104530464e-01 7.114058006366732467e-01
5.380023843208330270e-01 3.518032631108618524e-01 6.288868771881845898e-01 4.426180494216938044e-01 4.861036779960886678e-01 4.594549762262502557e-01 7.845978063973239047e-01 3.091820388627050664e-01 5.562366660126754070e-01 4.754768272776931926e-01 5.461242772409177215e-01 7.662020718804356534e-01 5.600827961880203709e-01 3.599465723505799741e-01 5.023786713883661159e-01 1.521683371203218227e-01 5.717956451981101029e-01 5.243718195193035614e-01 4.332969852000992383e-01 2.357725749515231506e-01 6.917308486945743518e-01 6.185048531859413945e-01 1.000000000000000000e+00 6.072081086161817964e-01 3.374589667799685055e-01 5.710508427159740608e-01 4.526156138487686942e-01 4.870738287297938784e-01 5.388652992129943087e-01 7.852512822179555929e-01 5.101139051241655453e-01 7.594355050476323532e-01 5.358645388685180366e-01 7.029443440751566019e-01 5.769440616757508522e-01 5.832043137145351830e-01 5.819885774298110270e-01 4.953205017437985469e-01 5.479038372692021097e-01 5.134834530216952908e-01 5.812566795770756078e-01 3.746138726814556841e-01 6.083338195416825300e-01 5.713128548221148018e-01 7.164490760112531831e-01 4.463063932618702712e-01 3.448181935392867770e-01 4.567392321543219391e-01 2.895935901158980808e-01 6.629455188475109617e-01 6.039382547749914121e-01 5.338659527955660344e-01 5.078930858095676015e-01 6.371932705862640711e-01 4.572983369379166607e-01 3.898260100396075400e-01 6.084930470334580788e-01 5.021895295392042602e-01 4.809547195215133630e-01 5.709869762377366431e-01
7.220642835165506090e-01 4.841647934327368286e-01 5.359175579237156484e-01 4.839755644638455978e-01 6.684466126586825485e-01 6.116158330361303186e-01 6.375496552755947066e-01 5.676825688367697076e-01 6.222775367481324649e-01 5.467320678928878630e-01 7.379621321268816647e-01 5.940806956177305809e-01 6.430799654440862989e-01 3.603154822429189275e-01 7.008766337893778120e-01 1.316437378178178796e-01 6.041314351591003939e-01 7.008937274486128910e-01 6.698656847235318068e-01 3.877228241438205880e-01 7.980091283866785901e-01 6.958306246324653666e-01 6.072081086161817964e-01 1.000000000000000222e+00 5.440774651957049901e-01 6.508418767035085706e-01 7.580103476624890924e-01 6.565351926971459973e-01 5.995824652315551173e-01 6.077244082132932101e-01 7.104169525883247127e-01 6.281280605213178658e-01 7.168607196723227881e-01 6.496904877989518878e-01 7.668051146017593744e-01 7.448202306431930264e-01 7.155784683259809320e-01 5.600739783707432418e-01 7.363446190785644108e-01 4.935316276284351655e-01 7.195720109730828762e-01 7.380288539243714530e-01 7.495598915007581908e-01 7.825199414864032477e-01 5.933177615859146492e-01 4.469781381784794783e-01 3.704443374773261910e-01 6.263334277114054327e-01 4.586412927839638165e-01 5.277891404852641521e-01 7.789134915885476129e-01 4.806037331083146680e-01 7.614639014304139808e-01 4.934922924426968227e-01 6.654349426443374460e-01 4.748420121546504391e-01 8.166484487726791697e-01 4.163710191210682199e-01 7.222575419382430972e-01 7.956415864511582337e-01
5.848948115731651409e-01 6.072600288117040446e-01 3.219003595714189925e-01 3.648767719685810373e-01 7.016572421398405979e-01 4.678345605257016593e-01 4.442052180486391610e-01 3.557105910658910353e-01 5.169112366288566296e-01 3.776991287415542020e-01 5.873790743280504767e-01 3.519197407173128567e-01 5.116316599150320110e-01 4.277372075094863502e-01 7.007960514057401946e-01 1.035328777409746936e-01 4.112848518872191383e-01 4.889079733024224717e-01 5.764278291307582958e-01 8.709006986564932218e-02 4.907521558269432593e-01 5.538204998805220658e-01 3.374589667799685055e-01 5.440774651957049901e-01 1.000000000000000000e+00 5.108704322906842954e-01 5.271330319267047981e-01 5.281490578241898604e-01 4.416199148101023209e-01 3.828665167961854965e-01 5.111175308095009528e-01 3.787507789339787379e-01 5.451399926627327197e-01 4.213610752077900923e-01 6.608141580101797308e-01 5.296686077997002640e-01 5.518124041759752130e-01 4.243908236924045507e-01 6.693764722852213467e-01 3.759341881092475579e-01 4.790503049162249671e-01 5.556889201470626150e-01 6.674369035361545910e-01 5.389230535005108402e-01 4.013838314591647860e-01 3.254074954616983373e-01 2.105227938866257031e-01 4.963753319259555652e-01 3.921032608692203714e-01 3.039429387124785720e-01 5.259309874669851892e-01 3.165391829548425129e-01 7.237867944670982601e-01 3.052740152299936449e-01 5.582373349961958775e-01 3.195893853068973445e-01 4.590175154877639829e-01 2.711912829143854342e-01 6.020312219090062644e-01 5.684027262729789420e-01
6.850763986140584461e-01 4.655489839038387534e-01 5.272522718553026566e-01 4.804391251583912670e-01 6.458231763288649896e-01 5.670952825090611604e-01 6.220731530743148774e-01 3.559143704951114873e-01 6.122291014763177053e-01 4.648075478410778061e-01 6.419592415629634674e-01 5.175131045983781819e-01 7.027694806858293397e-01 3.727300103487754535e-01 6.681417042858094346e-01 1.470489350607247780e-01 5.101671366327761303e-01 6.783113721619171699e-01 5.730134315617133600e-01 1.527095952431523074e-01 6.612846813463514328e-01 7.313922974621939188e-01 5.710508427159740608e-01 6.508418767035085706e-01 5.108704322906842954e-01 1.000000000000000222e+00 6.132684972656587963e-01 5.870406753231370844e-01 5.574935007165023881e-01 5.732687348849715425e-01 5.929666864269519388e-01 6.134922994702527443e-01 6.422400941260467677e-01 6.569289355293068677e-01 7.359034054061692753e-01 7.104586302789676067e-01 5.853588300918004528e-01 4.806976272106975867e-01 7.091388957964760431e-01 5.440566208415721361e-01 6.466914541853038267e-01 5.371039280122549275e-01 7.161794828306253802e-01 7.778107454587803726e-01 5.373663987905784589e-01 5.187428427878515436e-01 3.067312060844784583e-01 5.545616473023371462e-01 3.847079658942881841e-01 4.744269660879569805e-01 6.697041225761760641e-01 5.824763439436596579e-01 6.586042812515671141e-01 4.682576244620104133e-01 5.348997326830882137e-01 4.631750027966521910e-01 5.802207088526131207e-01 4.079327003139558427e-01 6.251903952306652190e-01 7.170371212378527925e-01
