1.000000000000000222e+00 6.975897388901801666e-01 8.091429400922264814e-02 3.149357584896454731e-02 1.041742143606290971e-01 6.143756002880355060e-01 4.760598521141192196e-01 1.652786490776587958e-01 1.626592892582971739e-01 9.392223397102592020e-02 4.233934371035090738e-01 2.278704903336249699e-01 5.217861697570821411e-01 3.797829279877955044e-01 1.668279533402287906e-01 7.961849680495837189e-01 8.099911554592491292e-02 5.552443542931977394e-01 8.508761365504430296e-01 7.643830571082642633e-01 4.221939355286452589e-02 4.719247135755790801e-01 7.832988900312087832e-01 2.302709773120901193e-01 7.931964656015997317e-01 6.522381807613337745e-01 2.721503884192434941e-01 4.741827067783391941e-02 9.277125662981081100e-02 4.360820423989500427e-01 1.513144393335699722e-01 2.165548291371574841e-01 1.738648633687077116e-01 8.680120776593297505e-02 8.731086463547622911e-02 2.696601387338425915e-01 4.024101657404027810e-02 9.687297645805297008e-02 2.608324570873674086e-01 6.465374553858868056e-01 1.996070499424201609e-03 4.173325193570552871e-01 8.064954030633285365e-02 4.309749704704860657e-02 8.699129034738541100e-02 2.798113565365573097e-01 3.906056354832429522e-01 4.473489273061510146e-02 1.220092846329130648e-01 5.951108343328339600e-01 2.689080109450145417e-01 6.353122174311713610e-02 4.438801343715911285e-01 3.537138908309380159e-01 4.393329220409546432e-01 2.134591522500930150e-01 5.075980284473146503e-02 7.069156101786452373e-01 4.670775170932908726e-02 2.904776094665024733e-01 1.428306627936681839e-01 2.129963651010899003e-02 4.501607618577025960e-01 4.318874643914264455e-01 3.997146027161387893e-01 8.891898435752164376e-02 3.419769687603719799e-01 4.885345420755806550e-02 5.136704911687432762e-02 5.509274651643208953e-01 4.070711420911060641e-01 1.288763703363954016e-01 1.426827296473955065e-01 2.972606143528337963e-01 7.449076115801155362e-01 3.531569065281241482e-01 1.909682379359606552e-01 1.433633500360823598e-01 1.324325774991977622e-01 2.179993166666693294e-01 2.437992314267835858e-01 1.725536157163548023e-01 4.399345952234280932e-01 4.367772032359792389e-01 1.200246729430526071e-01 2.058765429464742003e-01 1.243495008492871562e-01 2.874064879464672817e-01 2.895021687695027435e-01 3.660215087425887637e-01 1.327202482714776033e-01 3.451967278961383667e-01 8.410426409022971062e-02 1.760232299329587413e-01 1.379919613593788008e-01 9.843763808075403632e-02 9.218122057944695691e-02 6.410894018812421380e-02 1.842037840180868469e-01 1.177117968641575446e-01 2.859676443195382708e-02 1.325788070309910638e-01 1.338564176979476494e-01 1.436637753133777340e-01 9.488931634297720352e-02 9.687654298525728847e-02 1.228096753239661387e-01 7.274702102145118310e-02 1.501519810127916466e-01 5.539559651966755593e-01 2.811689463267158517e-02 4.335650286424603816e-01 4.233098517942002204e-01 1.563513087486017861e-01 1.579372013994553570e-01 3.652181388695039527e-02 3.462699957807631734e-01
6.975897388901801666e-01 1.000000000000000000e+00 9.726663169691429633e-02 5.590090896752091670e-02 7.432197540750795639e-02 5.674738336321815124e-01 5.485648762862844752e-01 1.745155719842249042e-01 8.747448389540241065e-02 1.282405686127526534e-01 5.311268955671559766e-01 1.345397127569986362e-01 5.591120271847641598e-01 3.281443225953967757e-01 2.024937392083469845e-01 6.184465674499544097e-01 5.035444291521721377e-02 4.967284224121228386e-01 6.947268024763555427e-01 6.157769334149448825e-01 6.119092467645022293e-02 4.630256299517457319e-01 6.010877975466206724e-01 1.723084345548793195e-01 6.169883534557136784e-01 7.394186120040382448e-01 3.805807248446312352e-01 5.993665626961074827e-02 7.485140558729795612e-02 3.544375558945276339e-01 1.406010432063652671e-01 1.547885531784223001e-01 1.634420478003265342e-01 6.235341590790720312e-02 6.440812738178439134e-02 1.453611045026250992e-01 1.832389585238536345e-02 6.360149675812566683e-02 2.070817054305038873e-01 5.031423977474707154e-01 1.686643942515703501e-02 4.952371248040867702e-01 6.055686055904446058e-02 3.521903491559837812e-02 5.633869990634248620e-02 2.171935968018080254e-01 4.585980085098652070e-01 5.870099340158768664e-02 1.550770394194798674e-01 6.971806039205451500e-01 2.341611444333194791e-01 4.555015290302156378e-02 4.041508026037894941e-01 2.582318834789386064e-01 4.352690127314738366e-01 1.192911328587062392e-01 4.375382185760613024e-02 6.323996844549700791e-01 3.018093742675362692e-02 2.692857594293829315e-01 1.447242825273416522e-01 1.988747039756199805e-02 5.268071702776851994e-01 3.347676790257293478e-01 3.678008573076922416e-01 9.890295827282351293e-02 3.162979016930152487e-01 4.989049564541949561e-02 6.197435119777487678e-02 4.729953367760921235e-01 2.944448150400738040e-01 1.007329835499636284e-01 7.795148351921403485e-02 2.409901299908568384e-01 5.947292736274858438e-01 2.932391301037393649e-01 1.556333215035723139e-01 1.199237217954202822e-01 1.372401811396499749e-01 2.354493364902314478e-01 3.974975913226717616e-01 1.899852023102129306e-01 4.757797767757178664e-01 5.321814330581173813e-01 1.160936350292003233e-01 3.317624719153636770e-01 1.218615474665820098e-01 3.294277439283885278e-01 2.894167873770119304e-01 2.969320874356189410e-01 1.487993190964822521e-01 3.957421538552591267e-01 5.461621240432398827e-02 1.143050031129522887e-01 7.448938353470449525e-02 1.144308720627024989e-01 8.912760146473777678e-02 1.171514489287748817e-01 1.650459885750324984e-01 8.700737265738704707e-02 2.017887339315269091e-02 7.901637676144740441e-02 1.363352005045225801e-01 1.729313544748734277e-01 8.005388639702645803e-02 1.517170838607149741e-01 1.684526362561142299e-01 1.170386204951286424e-01 9.343633430905164128e-02 6.114290405343568713e-01 3.384294804054864547e-02 4.806989542368524382e-01 5.315037649351080917e-01 1.348656454747119982e-01 1.430182236658626982e-01 4.187232825795382529e-02 3.191838346487624323e-01
8.091429400922264814e-02 9.726663169691429633e-02 1.000000000000000222e+00 1.299712895485107544e-01 3.611750999628297598e-01 1.465597170602900012e-01 1.516729155770221160e-01 2.835410311659914973e-01 3.054855838374724852e-01 2.110151557023768887e-01 6.395372191619187741e-02 1.953585413197131970e-01 1.377767141052375910e-01 7.837669331431951214e-02 2.285469812649615351e-01 2.667921361519299053e-02 2.392344956547956536e-01 7.310865340590103068e-02 9.525315734937368772e-02 3.628251038089804620e-02 3.735554777435134421e-01 1.410941152180648916e-01 3.497971288137886187e-02 1.748365282958596820e-02 4.819845027062246573e-02 1.693862835453959215e-01 1.099791991645902578e-01 2.325903977287956392e-01 2.018162767635984789e-01 2.453182397612477250e-02 2.662654782556791999e-01 5.054377397071003336e-02 2.910058769328131498e-02 2.016707505702197145e-01 3.676696697388044388e-01 1.699165163908575027e-01 3.436304161773305887e-01 4.157330579808402038e-01 1.115835612669494603e-01 4.763553424938987008e-03 4.669784926374657974e-02 7.976645396455685211e-02 2.562616348302841907e-01 1.352708314287608127e-01 2.763370315152332557e-01 3.059898835386295479e-01 9.774370530168086102e-02 1.779582019949866312e-01 5.570359742476260756e-01 2.920960375938712675e-02 3.999615552370576199e-01 3.559048422887574059e-01 2.439529834984902890e-01 1.920532233180837767e-01 2.790265470476629289e-02 1.105098571264136742e-01 6.388125687877495296e-02 8.506591333985785708e-02 1.952198849277819726e-01 1.497841402624954521e-01 2.510206573937742713e-01 8.226162386443459928e-02 1.388091356721627423e-01 9.187681351542059671e-02 1.388742175494081521e-01 2.947507474792758764e-01 2.616739681957591657e-01 2.564777543546798433e-01 2.376319816337790214e-01 1.165852757545292884e-01 8.290039051608839860e-02 3.392091440485016651e-01 2.713767574548637818e-01 1.830045886787675935e-01 6.668489108189364079e-02 1.240008911131988689e-01 2.203041828352105269e-01 1.516954495168703898e-01 3.238959454101302815e-01 1.601280130315253514e-01 1.378086691158355304e-01 2.141317714868632704e-01 1.600829738781164024e-01 1.566416340899788595e-01 2.027304531778530428e-01 9.219856499273260120e-02 3.165077181521722127e-01 1.194023522565103440e-01 4.917934204134558063e-02 8.398866055321940229e-04 2.032788421973924509e-01 2.142348571669240864e-01 3.192007537842141973e-01 3.425424040986403962e-01 2.615523290810638501e-01 3.528518797639524918e-01 7.713333781062171705e-03 2.344220405308214128e-01 1.485496984051945801e-01 1.200127617953140879e-01 1.251103399957825824e-01 3.711651237673205816e-01 2.632995819920462832e-01 1.931897888304305311e-01 4.372363656489151040e-01 2.305209173997624372e-01 1.860384996489884701e-01 2.714410119978347691e-01 2.071480343186258843e-01 9.060988351550548769e-02 1.914099206394017372e-01 1.538573369725476092e-01 1.270814080080460151e-01 1.533397529952694460e-01 3.051874959137445553e-01 2.294235765710788133e-01 1.418948221400856413e-01
3.149357584896454731e-02 5.590090896752091670e-02 1.299712895485107544e-01 1.000000000000000000e+00 6.776721555014003640e-01 7.636368436431455187e-02 8.879734570493151222e-03 5.729770203801610728e-01 3.841088046437037273e-01 1.277022634968646431e-01 5.035220719528545053e-02 1.857826669164970024e-01 8.477861091163083063e-02 7.370183402675045681e-02 1.222964263351186409e-01 -3.700363342102239682e-03 5.890135800317956027e-01 4.542152283375582023e-02 2.281819205855286151e-02 4.456828730404146371e-03 2.756982024018873045e-01 6.630387347599031589e-02 7.962068488529922342e-03 3.275022831800272760e-02 8.615368091033680578e-03 4.432549969645371846e-02 9.645691623340339749e-02 5.365082418511054607e-01 4.490047536646350479e-01 4.703462737309617447e-02 5.470468904731800031e-01 1.353608618607462025e-02 -1.060502156734242918e-02 6.940895341685382469e-01 2.330298492362462837e-01 2.456061605633252931e-01 3.758917693068515864e-01 4.982665152408861098e-01 1.318527613896151029e-01 3.577829826960769732e-02 -3.415441978655159045e-03 5.808826721183490277e-02 6.671755119803169931e-01 1.258469085624063510e-01 4.090675940718496717e-01 3.415528372133362356e-01 1.129364958355385945e-01 4.660673671018224495e-01 4.463173599504754452e-01 2.511683338667785453e-02 2.893254883395915411e-01 4.989404038880694836e-01 1.963531157561158313e-01 2.140681028021313714e-01 2.810636850101914594e-02 3.974386211016203013e-02 5.333799140832515273e-02 6.365436577628515169e-02 6.507911995519581883e-01 1.429648812416965398e-01 3.342040928157051782e-01 1.877112488417627401e-01 3.961860132737387435e-02 8.492527243857150854e-02 4.857995263731117869e-02 5.497806934368668630e-01 3.073506312911445382e-01 6.341346488630402733e-01 5.265917152836097070e-01 8.472157106842533036e-02 9.421954652003265707e-02 5.142050456557384353e-01 2.952977929635243748e-01 2.869014084191481295e-01 6.140439107077576980e-02 1.900792971415171950e-01 3.336089454331225834e-01 1.369393500987354517e-01 8.913120828282422581e-02 1.586723898848415304e-01 1.019235399353224936e-01 2.021918837375255296e-01 8.068452414598176192e-02 7.170649572094152380e-02 3.601099402800679861e-01 6.232308613960495236e-02 3.620598849312184342e-01 7.638303996451775713e-02 4.532995094600861946e-02 1.631061568391187558e-02 2.626647274742976990e-01 8.411652345345832504e-02 9.002218352348055619e-02 4.013108067732913953e-01 7.630710190773554169e-02 3.598950618180403183e-01 1.618153791053920237e-02 4.693428962454442299e-01 1.253356176906362252e-01 5.662458780996694474e-02 6.915377593848367477e-01 4.626310875835920045e-01 3.458807389633113960e-01 8.467450168089793450e-02 1.805418011524162203e-01 3.443371669991477368e-01 1.319101481529213193e-01 6.031248236174230337e-01 2.463009905808320466e-01 4.087303988780576630e-02 4.392744984559871502e-01 9.440396305467946281e-02 6.416922786049258920e-02 3.856643830874985079e-01 6.619634726555112536e-02 5.115796002580182966e-01 3.582041152924842625e-02
1.041742143606290971e-01 7.432197540750795639e-02 3.611750999628297598e-01 6.776721555014003640e-01 1.000000000000000222e+00 1.023113538715887810e-01 1.938509969602949037e-02 6.994571687409741889e-01 6.155836670319919657e-01 2.771590315219493728e-01 6.417365462918557528e-02 3.543541817582027131e-01 7.415602412298145929e-02 1.288843296321075804e-01 1.466704774494003161e-01 5.946336853321226162e-02 7.075404914024635561e-01 5.319778297540862094e-02 7.606321854097863877e-02 6.525690398067902909e-02 4.632312777702116136e-01 2.868332510106121752e-02 6.483881902523815077e-02 5.029287023280158697e-02 6.036107776750797294e-02 7.502078184424915142e-02 9.612320657864800721e-02 6.097506004140583746e-01 5.327837372321371223e-01 1.003522581245871320e-02 6.800899565078531994e-01 4.405472349605572130e-02 1.580760652763599922e-02 7.024879344768659717e-01 4.607545768882503889e-01 3.989384284252592283e-01 5.388630106107801243e-01 6.975915812521013004e-01 2.439960147716211392e-01 2.686106614323034020e-02 3.979926839257209165e-02 2.113788483117442357e-02 7.643377161679041354e-01 1.903098778658454393e-01 5.329090400225814372e-01 4.783259114944732326e-01 1.013337557662856575e-01 5.628031742897615652e-01 5.938733179561289655e-01 1.665579971600778669e-02 3.754498586216685752e-01 7.164344206624394529e-01 2.891521138536506941e-01 2.696833305446796891e-01 2.805068182813783007e-02 1.433604973748836553e-01 7.576428553133091048e-02 8.554422341753827042e-02 6.181955601384605536e-01 2.181081346594621329e-01 4.853708599434650717e-01 1.791161402329037311e-01 4.931816685310130149e-02 1.772876636976178713e-02 9.271898567766111154e-02 6.758326753092411820e-01 4.319373253494813714e-01 8.090292149755824447e-01 6.270422925493860378e-01 1.142402021778323451e-01 3.037435479614427822e-02 7.162466164680131309e-01 5.278583219016417249e-01 3.872343863421147669e-01 8.862991721825874691e-02 2.735566358106986673e-01 4.481542398354750878e-01 1.935273170526875530e-01 2.204098559282464675e-01 2.234625596849327822e-01 7.141485865447136372e-02 2.886107772528878068e-01 4.627089548343192582e-02 3.877948784098545626e-02 4.214457804128135532e-01 2.507278111078137250e-02 5.277509606004994192e-01 8.583505395119081505e-02 6.820867100355719470e-02 2.025108827503677416e-04 2.821971205170737407e-01 7.705842320000387546e-02 3.178023708500953837e-01 6.337874177080187188e-01 3.239879213264436619e-01 5.163995648943409122e-01 3.813780409599102500e-02 5.409435592293438955e-01 2.124210531646253952e-01 1.515727739033147781e-01 6.266176515371120193e-01 7.264013835538680741e-01 4.880200578904691500e-01 2.449257057298221407e-01 1.989172473246029471e-01 4.260227563628252723e-01 1.937556300063860981e-01 7.505768857209363931e-01 3.323565107154572429e-01 4.683506993852919881e-02 3.302698655388131010e-01 8.729260446257268435e-02 4.861182202094316285e-02 4.641866288841605681e-01 1.890598153835848227e-01 4.366417165776800280e-01 1.289416159168222387e-01
6.143756002880355060e-01 5.674738336321815124e-01 1.465597170602900012e-01 7.636368436431455187e-02 1.023113538715887810e-01 1.000000000000000222e+00 5.391465444903309479e-01 1.659963369603121019e-01 1.336314676792787204e-01 1.038766043723339944e-01 4.318994133396801827e-01 2.644537065908689200e-01 6.631238369489493856e-01 4.806502159926533957e-01 2.412709254867649311e-01 5.928780069805986708e-01 6.803823516126937532e-02 4.228904653733164265e-01 6.273769966795643693e-01 5.525556757242087169e-01 4.572267062129821424e-02 4.741056101362624564e-01 5.684249913514594077e-01 1.595609858037582707e-01 5.769865430267611117e-01 5.250873005680667394e-01 3.201070938107691277e-01 5.646836751226202988e-02 1.000553613753270427e-01 3.649792661177336250e-01 2.095362426981750015e-01 1.775150271126332835e-01 1.641079294661892674e-01 6.642043072621982291e-02 1.074441276878160406e-01 1.519502071448768643e-01 6.066405361167116761e-02 8.254532879273496215e-02 2.159121283497091592e-01 3.617842344819430234e-01 6.127924125326009858e-02 4.702840587791311533e-01 9.886403163812794437e-02 7.951805503324435587e-02 6.524469528158859111e-02 2.682183927277637103e-01 5.043297274578952827e-01 3.702230783316917684e-02 1.671484451101474533e-01 5.079030264607081735e-01 3.003169155920368816e-01 7.681379355358722294e-02 3.676368466785450706e-01 2.734848558607230196e-01 3.344772797389441998e-01 4.296657049984777266e-01 5.762192630256778025e-02 6.842900394118028862e-01 5.652386756238123033e-02 3.017771069268547768e-01 1.601590691912051223e-01 1.510680925862621649e-01 4.897204941684206725e-01 4.610286213355342388e-01 3.243011444972020429e-01 1.260092985460409265e-01 2.945678093848054235e-01 9.841171009032582961e-02 5.036857980335664869e-02 7.876483511624735590e-01 4.611218462766802917e-01 1.361265252526178415e-01 1.023081905650870260e-01 2.266589276958886623e-01 5.500050195125261165e-01 2.706289740403632904e-01 1.651347569882304633e-01 1.374067515283607099e-01 1.348381714239346441e-01 1.640092765309734690e-01 3.848723176315864136e-01 1.821335443871301418e-01 4.519930315520512831e-01 4.933135379378860708e-01 1.142450223180744018e-01 3.501588904495158694e-01 1.317600998041009719e-01 4.291081505311850619e-01 5.372523710525373142e-01 2.800817107132237416e-01 1.677034079626682495e-01 4.579039177746210831e-01 9.827558479898573784e-02 1.606078670988445867e-01 9.154377686941451986e-02 1.163078158890476360e-01 3.268107036529429438e-02 1.033210258164928841e-01 1.578254775388154840e-01 1.129795902278236397e-01 4.469832541459087261e-02 1.315471105620387160e-01 1.435348774429805185e-01 1.659477530290912606e-01 1.232561213205845968e-01 1.483356907903072008e-01 1.534267177446653752e-01 9.836802139934255895e-02 1.333919935817586278e-01 4.812879650623224648e-01 5.810443927667962444e-02 3.979815151840978005e-01 5.519451046570706954e-01 1.510924531684433025e-01 1.574519135993101837e-01 7.224625350859346928e-02 3.241281252031045779e-01
4.760598521141192196e-01 5.485648762862844752e-01 1.516729155770221160e-01 8.879734570493151222e-03 1.938509969602949037e-02 5.391465444903309479e-01 9.999999999999998890e-01 8.477020755619910086e-02 6.402944200370210004e-02 5.633792878438589197e-02 4.730150507391635006e-01 1.316649897139694214e-01 5.063817532363101837e-01 2.076505194451298275e-01 1.676458021492337747e-01 4.585248851045035101e-01 1.881052591896439571e-02 4.952865547932507884e-01 4.709273265068524283e-01 3.937525725380938701e-01 2.289158165231046024e-02 3.940163847378926887e-01 4.123995936448075494e-01 1.137620732360840603e-01 4.269476638448235772e-01 5.534236216813888110e-01 2.322181064831808639e-01 4.066606848974364807e-02 3.270654493257903889e-02 3.915944877225957521e-01 1.123184130968021555e-01 1.064091448457769040e-01 1.174088413553898702e-01 2.436501671673677732e-02 6.275274053768067906e-02 7.116515821786924267e-02 5.118291909117955035e-02 3.430097496253982359e-02 1.273864659511172726e-01 3.181749538631785668e-01 4.499638933049968266e-03 4.919230760905720090e-01 2.853003449118760720e-02 3.478743923403605082e-02 2.475066144712826863e-02 1.826216573645520758e-01 2.757538750926127880e-01 2.687101453972964155e-02 8.801675663623712009e-02 5.834268806561896392e-01 2.450724444206192343e-01 5.236569791900098914e-02 1.875884751667176442e-01 1.645419311946723084e-01 2.928433971418148984e-01 2.503940824514777064e-01 3.357702236615289076e-02 5.903047043301821173e-01 7.328052580720211331e-03 1.562433285597213395e-01 6.865093985930163789e-02 1.908213844856481711e-01 4.545927419065622366e-01 3.769462397978531332e-01 2.420822225379941350e-01 3.561974540181622739e-02 1.903552461112875405e-01 2.881265123417833807e-02 1.645484231928479035e-02 5.281286633679638243e-01 3.819825255580041046e-01 4.464002326388493563e-02 2.015814903304038314e-02 8.921781550161785035e-02 4.215575531239779683e-01 1.469820377018964952e-01 4.116410875814437154e-02 4.312482860429309867e-02 8.956721951789690939e-02 1.298996755876112297e-01 2.271139940159861703e-01 1.266087469968899260e-01 3.734373516060132681e-01 3.357728136722187839e-01 4.865208884281736063e-02 2.783271550505505010e-01 8.235224505285711205e-02 1.882124451765530282e-01 3.454731777153279282e-01 3.579636546410741582e-01 7.166155095230768157e-02 2.832605774344916783e-01 6.332651359012478332e-02 7.807996263995273245e-02 5.079849871656761523e-02 6.256110950650403679e-02 1.314453114731198129e-02 4.088765684545215412e-02 1.044985584968558812e-01 8.436610075682478282e-02 -1.729328635357531372e-03 4.081885371297231530e-02 6.262892212081043464e-02 1.114082956791573320e-01 1.333020701935923868e-01 1.312744017109799231e-02 1.076770629228796933e-01 1.383294849460068622e-02 7.488106984156402135e-02 4.583970243163004166e-01 4.624844956266491863e-02 3.319172927314426036e-01 3.420216582018745233e-01 5.159615750574939735e-02 7.815760428391228809e-02 5.414953124634012266e-02 2.204710446442223748e-01
1.652786490776587958e-01 1.745155719842249042e-01 2.835410311659914973e-01 5.729770203801610728e-01 6.994571687409741889e-01 1.659963369603121019e-01 8.477020755619910086e-02 1.000000000000000000e+00 6.515207783662132490e-01 3.172779957714689236e-01 8.989107891670598816e-02 3.561161070609681345e-01 1.293041408671723458e-01 2.067782375409910611e-01 1.885065162570218611e-01 1.085543011162024840e-01 7.588428492158839633e-01 7.528361708831807220e-02 1.270636404787936213e-01 1.095129030411940568e-01 4.325935555867674864e-01 8.751747812207383292e-02 1.074620167950634392e-01 8.495901417977497205e-02 7.651757601846465029e-02 1.100296840605052007e-01 1.246220289622664845e-01 6.323862018452707234e-01 5.757100231994947137e-01 7.381754318769714884e-02 7.304457715657949324e-01 1.082850987639105284e-01 3.374406918456586413e-02 6.398283501538784002e-01 4.329770002278613417e-01 2.499343155338021594e-01 5.336763254219780706e-01 6.831070648026869030e-01 2.854716000381304353e-01 7.947249035801674799e-02 1.321933622308258532e-02 1.021237613073333605e-01 7.018000114262699096e-01 2.039069560209886001e-01 5.445788820612332826e-01 6.409656377366640401e-01 1.982665815726811775e-01 6.463880409180263742e-01 5.435896434190208293e-01 1.060363513380186834e-01 4.974849955190034922e-01 6.292155052110908198e-01 4.082560975220795307e-01 1.841821089100829367e-01 1.115465534237021078e-01 1.137035928830738146e-01 9.147716102868388988e-02 1.546878672103047248e-01 6.050443880564622123e-01 2.853828374496456544e-01 5.374798482286011758e-01 1.777236842393096761e-01 7.724997830113035369e-02 1.135219103322558515e-01 8.049966495623508966e-02 7.066670404288555307e-01 3.628883948477149013e-01 7.138347138324184771e-01 5.883014080497278586e-01 2.079011025326257811e-01 1.312517244159364105e-01 6.663188423427798268e-01 2.919197914681976869e-01 2.958281458123899199e-01 1.350086358019969845e-01 3.818139601949661621e-01 3.773652278141865213e-01 2.788232781150354889e-01 1.384660386287764888e-01 2.271146016493052200e-01 1.037929658581367015e-01 2.195601344086289264e-01 1.544725979652747383e-01 8.266309859332686416e-02 4.685456388599081312e-01 8.461535166697960186e-02 5.715431526192998879e-01 1.625019244848491806e-01 1.576121318494682066e-01 4.088532922935026598e-02 4.567078997071098989e-01 1.013050410214750841e-01 2.982129703762952944e-01 7.522925002042455400e-01 3.038006422167207066e-01 6.046989016645477610e-01 2.818011289871518582e-02 5.621151665001569153e-01 2.588002160945852004e-01 2.194413435374298338e-01 5.842975944385748743e-01 4.573864008791447833e-01 6.195211014944824734e-01 3.558496583406873803e-01 2.081383472340821716e-01 4.368557469508080882e-01 3.950592642231550156e-01 7.114258729060136677e-01 4.473900369076559413e-01 8.770543115276166479e-02 2.654311683838441738e-01 1.518505039425665781e-01 1.071424193732221364e-01 5.026735758104154961e-01 1.478648992610943624e-01 3.667354435923872447e-01 1.459302406660483165e-01
1.626592892582971739e-01 8.747448389540241065e-02 3.054855838374724852e-01 3.841088046437037273e-01 6.155836670319919657e-01 1.336314676792787204e-01 6.402944200370210004e-02 6.515207783662132490e-01 1.000000000000000222e+00 3.219859981281091299e-01 1.060046650478224384e-01 4.288762215282360124e-01 8.912808681167598557e-02 1.357097432939261272e-01 2.353346891277257047e-01 1.213548634717288716e-01 6.042864499549789326e-01 5.806162639141312226e-02 1.256198279582778077e-01 1.044343981639003910e-01 4.292662830253119455e-01 7.464002493120930337e-02 1.172996365758374460e-01 6.205446421950409214e-02 1.047087499622087470e-01 1.190400251160916856e-01 1.159864429969786337e-01 5.387228905712133642e-01 5.248112694370723474e-01 3.776873324405587845e-02 5.763703801854664910e-01 5.093709026081311847e-02 1.119910554783172529e-01 5.039988093076857023e-01 4.855784516642594473e-01 3.276368616472848938e-01 5.375320271078074530e-01 6.078095170840042138e-01 2.689650882542662935e-01 3.907727817140729115e-02 2.724005876593496578e-02 3.618164991054995810e-02 5.471841073487097029e-01 2.363664429729151195e-01 5.079261681642099902e-01 6.388189562214041661e-01 1.077650040047692659e-01 5.545157714708154328e-01 5.035880662989669077e-01 6.724518889049432846e-02 4.840962370091925759e-01 6.057631039190707334e-01 3.418386122956605377e-01 1.721871639991184866e-01 6.347128834493440119e-02 1.660024137844954839e-01 9.183508137032839191e-02 1.332597329350681259e-01 4.254237139402358703e-01 2.607426155067643636e-01 4.630160453276328525e-01 1.163090781856069289e-01 5.682734233022467690e-02 7.641335543025358501e-02 1.151688758598538587e-01 6.031821161324018021e-01 3.960085555968980153e-01 5.763198429265585787e-01 4.710623083769100994e-01 1.874742055078348624e-01 7.526791353731725198e-02 5.151047857700370436e-01 3.980947421266051722e-01 2.916773575168956079e-01 1.611141047764456102e-01 3.618343850897535741e-01 4.385446465002658667e-01 3.298649321646096588e-01 1.881125569483543536e-01 2.585484314940769690e-01 7.395816475574408522e-02 2.584712094039098296e-01 9.865357470701295595e-02 4.825653257524903372e-02 4.138910439428016841e-01 6.103639777081546619e-02 5.216439167237362229e-01 9.941642352947493988e-02 1.067192726755456372e-01 9.635937113524397149e-03 3.638952900247326427e-01 6.969439152608573884e-02 3.344110483416484758e-01 7.100597496893755745e-01 2.815739332627625324e-01 5.228519166101679438e-01 2.243163317732811690e-02 5.182930842672751615e-01 2.878090394729104773e-01 2.597617008527798865e-01 3.945484225640635279e-01 4.549385095955205127e-01 5.830560936953980145e-01 4.243910883267665857e-01 2.434990019762569291e-01 3.975074008117520097e-01 3.692009332924172660e-01 5.325551785593590770e-01 4.086086789002041919e-01 8.059083678910719528e-02 3.103986567971332433e-01 9.911318871488766780e-02 5.212022619803436535e-02 5.403217383768291748e-01 2.045012353957599838e-01 3.770740677292450660e-01 1.612232559863809034e-01
9.392223397102592020e-02 1.282405686127526534e-01 2.110151557023768887e-01 1.277022634968646431e-01 2.771590315219493728e-01 1.038766043723339944e-01 5.633792878438589197e-02 3.172779957714689236e-01 3.219859981281091299e-01 9.999999999999997780e-01 4.582694756679891318e-02 2.749433208614643354e-01 9.943226412719474716e-02 1.215490197543759865e-01 2.574966459722390910e-01 3.929099305646486379e-02 2.056738319379768365e-01 3.402094789263276908e-02 5.649494115547181589e-02 5.767129177010771324e-02 1.570422247626625245e-01 4.936239131209620851e-02 2.942705213519629381e-02 6.051473513721764008e-02 5.123030973168434671e-02 7.860196013245242252e-02 1.137054261668662830e-01 1.414894275237875421e-01 2.060664939495550907e-01 5.984840830596468292e-02 3.163477682020772730e-01 2.396034975383889293e-02 2.521813539394359913e-02 1.369682191025050622e-01 3.942925122986888353e-01 2.126285267987824967e-01 2.094767813529013201e-01 1.801354577109546273e-01 2.342967805574797668e-01 6.834021543265136021e-03 -1.616389451467553293e-02 3.346316035644652381e-02 2.127263072363012875e-01 1.555370924991042181e-01 1.559954546722109314e-01 3.308941139418348221e-01 1.109954064647218769e-01 1.872288410121919489e-01 1.687808071405664800e-01 2.268048252778988305e-02 2.719194930469756577e-01 3.080974108042711657e-01 2.838513890082194902e-01 1.650386844727501356e-01 3.200465762742944059e-02 9.573908722856348807e-02 4.350058487280972913e-02 1.422209777516016682e-01 1.660643029221526290e-01 2.897542885163065240e-01 2.416570215280943457e-01 7.240274246186970131e-02 1.253123921251961537e-01 7.489528084299552912e-02 8.319399356143532265e-02 2.419357127031378785e-01 3.287204364292136693e-01 2.528611935667038901e-01 1.606778126094955683e-01 1.457780921961575882e-01 8.185981970416238152e-02 3.761943601025226069e-01 2.049857949021954007e-01 1.982735739671494524e-01 7.824878720474870430e-02 3.905920645524960100e-01 2.217729544087918281e-01 3.032529228864970228e-01 1.320912574166245301e-01 2.457992941232087225e-01 7.483175489539238556e-02 2.975198143538658746e-01 6.447102662001451268e-02 2.375466377539085100e-02 2.251414485630416074e-01 1.538232228854462952e-02 2.333378992676908570e-01 1.243019836441493220e-01 1.137347858210916579e-01 1.532470764921001379e-02 2.877352822502818874e-01 7.907518927791358510e-02 1.917354100364973557e-01 3.599795120694032069e-01 2.319413838524897464e-01 2.369542310374755656e-01 2.009115097360394397e-01 2.536781373246629889e-01 2.504035227157027643e-01 2.595716773016987222e-01 8.054218431711862580e-02 2.368906313553877652e-01 3.028778965224469544e-01 5.566293746890419447e-01 1.523185980544956297e-01 2.446192017002402352e-01 2.626482968166271581e-01 3.228810096376712457e-01 2.820192801490334911e-01 8.659310718284472796e-02 1.852449452384080930e-01 9.584806405371647242e-02 4.216966216386754812e-02 2.481192825851543382e-01 2.068101350433076968e-01 2.254234919139191939e-01 1.481010982547261712e-01
4.233934371035090738e-01 5.311268955671559766e-01 6.395372191619187741e-02 5.035220719528545053e-02 6.417365462918557528e-02 4.318994133396801827e-01 4.730150507391635006e-01 8.989107891670598816e-02 1.060046650478224384e-01 4.582694756679891318e-02 1.000000000000000222e+00 9.128772944528697197e-02 4.484844754666294508e-01 2.358724566978259995e-01 1.972508614080734912e-01 4.105367256768671091e-01 3.087140103545159622e-02 3.026955346920280898e-01 4.081601778228727273e-01 3.397568813660667431e-01 3.238926578452044208e-02 2.846713658032209437e-01 3.671939534494224611e-01 1.716543321288562518e-01 3.737063869791844017e-01 5.230886685843288975e-01 2.263768681533913640e-01 5.041406288991642087e-02 5.076139378386990836e-02 2.986310062332294679e-01 1.262561569172248599e-01 1.250712234735532891e-01 1.718077793441245837e-01 4.066256302931649247e-02 6.925273121973193891e-02 1.081642628816089635e-01 3.956489685333056811e-02 7.291099236054422728e-02 1.520514817415564157e-01 1.734438915315985041e-01 1.291169709888409164e-02 4.231764289394147061e-01 3.163216635494089241e-02 6.419405124245100569e-02 5.704250696349325717e-02 1.612696253383388290e-01 2.855954832584012282e-01 4.899118468663996029e-02 8.553837743980281794e-02 5.440875571547444389e-01 1.537044748431851682e-01 4.352598415694458600e-02 2.479999678163180843e-01 1.853677424460468681e-01 2.374512351455174142e-01 1.026903804143005638e-01 9.850649291964169718e-02 4.658561098444721771e-01 1.217370586062028852e-02 1.782337893405717411e-01 1.665979241837830804e-01 2.038432999881129026e-02 3.773865039913248398e-01 2.788996602211210041e-01 2.759206584079832436e-01 3.341515594427229424e-02 2.150354579913222874e-01 3.508479966775617659e-02 3.877994841659331005e-02 3.614744467055159838e-01 2.741651079728175122e-01 6.179239166692336582e-02 1.074526338795947222e-01 1.486451934387539031e-01 3.383732348618225250e-01 1.850875681415582730e-01 1.341367304044882303e-01 6.890940683300503244e-02 6.840066861298726986e-02 1.440456910320697947e-01 3.534268941633877392e-01 1.167875317127918672e-01 4.910613719003841249e-01 4.181687457124897978e-01 1.645370048740955327e-01 2.555943981336283310e-01 1.217135673110843336e-01 1.997211683159446360e-01 2.380284986091831534e-01 2.336606671510835787e-01 4.921562053637135170e-02 1.674617630920054445e-01 6.148283340721047430e-02 5.247682102597855253e-02 4.493013256507773223e-02 5.219584805894111890e-02 3.788091522526585569e-02 5.806166587219946384e-02 1.498571139579495948e-01 6.824681848975094889e-02 1.424348082165718433e-02 7.537509085372928741e-02 1.139589929430951942e-01 6.679110289672410272e-02 7.986996536130418212e-02 6.783519964285117387e-02 3.330709186059807592e-02 4.097314032950394314e-02 5.678521933763403667e-02 5.228974199722377092e-01 5.326855552859983273e-02 2.551210491566255900e-01 3.587360592659040170e-01 8.836819111240491742e-02 8.218008313058108860e-02 5.552174090029123044e-02 3.265952279240537104e-01
2.278704903336249699e-01 1.345397127569986362e-01 1.953585413197131970e-01 1.857826669164970024e-01 3.543541817582027131e-01 2.644537065908689200e-01 1.316649897139694214e-01 3.561161070609681345e-01 4.288762215282360124e-01 2.749433208614643354e-01 9.128772944528697197e-02 1.000000000000000222e+00 2.562799939108567626e-01 2.317248402318406453e-01 1.474629958875021130e-01 1.230558809533659620e-01 2.610344629002582795e-01 7.368468058482181837e-02 1.849703970771657546e-01 1.340257010698682472e-01 2.254113842776278298e-01 1.646621151843233044e-01 1.340924181790074388e-01 1.133225171179697982e-01 1.306814742716604638e-01 1.732910290277276388e-01 1.043292499573885007e-01 1.687926151777051909e-01 2.765528019292978756e-01 1.005861431391145561e-01 3.048794624445804180e-01 9.712348930622441423e-02 3.367179055156406531e-02 2.086952619503402995e-01 3.023493356053049141e-01 4.968774675539496810e-01 2.978210000456489315e-01 2.570256547604311548e-01 2.928176635384869275e-01 5.927247251816098600e-02 1.422962236007169201e-01 7.500468961364600839e-02 2.796157152583561012e-01 1.347915577400514986e-01 2.258226935882543807e-01 4.113225050296126506e-01 1.641638742908724247e-01 2.152192597217435777e-01 2.018721637010176817e-01 8.593959074372257978e-02 4.242874626994539988e-01 3.805545290216451049e-01 4.616576366585385394e-01 3.846764949845514758e-01 6.316964684130459140e-02 3.325612686964738440e-01 1.201087938047204068e-01 2.204478873236162262e-01 2.000049719507584201e-01 3.372471264374183875e-01 2.506089681823780446e-01 7.280011853720205761e-02 6.823057848787739132e-02 1.259439590750051352e-01 1.429821392723494289e-01 2.941712452756637397e-01 4.049070654115608514e-01 3.006521874537882444e-01 1.919959509287125776e-01 3.243311902987131012e-01 1.239181866270095828e-01 3.516272767895044504e-01 2.782740282133459586e-01 4.043314855087102311e-01 2.279854024678063251e-01 4.284493289582260167e-01 3.672573274123844267e-01 3.184245039081355366e-01 3.046506484581350538e-01 2.457172715352589354e-01 1.018762964372363078e-01 4.497436362168760193e-01 2.347729391412482491e-01 8.062006395267455605e-02 2.443167964763152677e-01 8.190246727428468487e-02 3.119222806808176762e-01 1.721276260287014637e-01 2.266451060277538954e-01 6.921768248436782622e-02 2.928875846607255085e-01 7.794857186751891209e-02 2.617753134400930826e-01 3.798760494066747428e-01 3.084039315422998362e-01 2.440938288920172228e-01 1.288766609672018226e-01 2.431863332522416488e-01 3.963266081838184296e-01 2.430887863314792341e-01 1.241909225228828989e-01 3.275107167768843697e-01 3.395071453643082049e-01 3.626346843151198041e-01 1.889875286373040308e-01 2.585767994435139161e-01 3.615253521576969331e-01 2.639602549270829157e-01 2.655133220279003448e-01 1.222944918147584326e-01 1.719544267577930718e-01 1.110679951086313150e-01 7.650922967983618539e-02 3.245415423978766367e-01 2.539508235237400435e-01 2.032226796029598104e-01 1.953005426419720247e-01
5.217861697570821411e-01 5.591120271847641598e-01 1.377767141052375910e-01 8.477861091163083063e-02 7.415602412298145929e-02 6.631238369489493856e-01 5.063817532363101837e-01 1.293041408671723458e-01 8.912808681167598557e-02 9.943226412719474716e-02 4.484844754666294508e-01 2.562799939108567626e-01 1.000000000000000000e+00 3.757307601164887045e-01 2.829779144011527747e-01 4.507214905528927895e-01 2.921545943064589659e-02 4.137371906131043220e-01 4.966471964564452835e-01 3.869829456454389471e-01 7.988868095473221353e-02 4.760922996699465393e-01 4.015590342089408460e-01 1.167598190577460310e-01 4.145773968688207800e-01 5.630318100771540824e-01 2.293323271523788898e-01 8.438011038068544967e-02 6.459590744749309221e-02 3.219971435726161069e-01 1.928120311933723963e-01 1.273703895692354093e-01 1.218710793773541551e-01 5.372583896546106325e-02 6.361489368132122735e-02 1.731799095057571514e-01 4.762607095260951856e-02 6.195324289030283704e-02 1.150794524079099129e-01 2.867795334011505881e-01 -3.138806972427160558e-03 5.403849723928708659e-01 5.547900317025721700e-02 4.517058773215685413e-02 4.835121152896034585e-02 2.126732756266721813e-01 3.590879551564923333e-01 3.987499843330035570e-02 1.768069955150186334e-01 4.286452096137995937e-01 3.056709155663644983e-01 3.353358250505271421e-02 3.763261826420293832e-01 2.780164751384450184e-01 1.988204606624748016e-01 3.156985230443064006e-01 2.031133698885673466e-01 5.552481836007395755e-01 2.430676421688629171e-02 3.087684203132304295e-01 1.596335501258695500e-01 1.633910750949764956e-01 4.303512922108655991e-01 3.844876417881080699e-01 2.773096951054485060e-01 6.480283105299204649e-02 3.050446757777128814e-01 4.284866687940559055e-02 4.586317512388392997e-02 6.838913593848271466e-01 3.492636389512279727e-01 1.193540225242883668e-01 9.365944967787719067e-02 2.203642971772576120e-01 4.520049658373985202e-01 2.675343047142531017e-01 1.265079485357434030e-01 8.935395075921857833e-02 1.477934879386441913e-01 1.388686648614650687e-01 3.726541017067155348e-01 2.506345205270714693e-01 5.489918277372293209e-01 5.180999764903650995e-01 1.446829905395760063e-01 4.037234308954340545e-01 1.413628886467311330e-01 3.157152584527959660e-01 4.883767507838421285e-01 2.806518708200669288e-01 1.467118749259656851e-01 2.810542495578242095e-01 2.749274832946541763e-02 1.176379617756745377e-01 6.678472665073389991e-02 8.182730877697902416e-02 4.255027434252343227e-02 1.225739921946932404e-01 2.182397939560325462e-01 7.586344584880184982e-02 1.298645938486588797e-02 8.712534456336533395e-02 1.178055737383201795e-01 1.024923105424017100e-01 1.377640868601903712e-01 2.274900253320662480e-01 8.336067516904409336e-02 6.732305051169334975e-02 8.226212542374702896e-02 4.954642260061940529e-01 2.917819531403901753e-02 3.152875413875270705e-01 4.040893411557776038e-01 9.325074804008268159e-02 1.583295963164773057e-01 4.434706749881962146e-02 1.969101795248275888e-01
