1.000000000000000000e+00 2.059424931684602361e-02 1.042190411689506158e-01 6.451489566102946993e-01 5.779729592540472360e-01 5.382470562229628719e-01 8.955929560219143548e-01 1.189452383061989221e-01 9.484528931329579138e-02 7.327529812064706993e-01 9.056658772083420184e-02 8.064621087012877609e-01 8.917972579616091355e-01 5.259351310113643541e-01 6.113205934772739658e-01 2.390080436381947226e-01 6.187132617048592964e-01 6.423407248866892794e-02 8.779456517518521852e-02 7.789949432750341574e-01 5.762793958499508040e-01 3.997064092957149789e-02 1.260343595475109379e-01 4.125475881545685453e-01 9.107730203272866865e-01 4.813240413309650967e-02 3.483388670847763907e-02 8.474636179944070591e-01
2.059424931684602361e-02 1.000000000000000000e+00 2.356989300146667132e-01 6.624057579995415446e-02 3.899283905909846359e-02 4.995657318740073100e-02 3.770370044407152926e-02 1.675062989301669691e-01 1.353691755588230794e-01 3.236196474703363635e-02 1.426696511641565301e-01 4.288135412218125470e-02 3.882428606260647508e-02 9.098883665767752704e-02 7.691843952520777128e-02 1.116040187114337723e-01 4.022531588046855677e-02 1.438861720028072055e-01 1.601293045807711812e-01 2.712961722386304786e-02 3.165849481305389734e-02 1.884786651230965504e-01 2.087042204424706393e-01 1.843597238232854985e-01 2.720966579399122093e-02 1.155107978850349604e-01 1.280401334642397027e-01 5.613607661819949857e-02
1.042190411689506158e-01 2.356989300146667132e-01 1.000000000000000000e+00 2.416972805192756646e-01 6.677129003484759406e-02 1.376136389689802397e-01 9.618121329009883536e-02 3.868146786676383564e-01 5.377427091510140755e-01 9.736325851132285325e-02 3.339327207370190731e-01 1.471803660594922791e-01 1.017630567507798595e-01 2.144219539226071836e-01 2.185857280965754490e-01 2.006843827583405793e-01 8.873116656712083661e-02 4.117452722042355684e-01 5.774536516993735713e-01 6.628545167254416837e-02 8.303478108475315089e-02 2.148441927470922663e-01 2.434543000236946697e-01 2.540128930845358401e-01 8.435410529069878316e-02 1.979910170076685794e-01 2.538610793760862627e-01 1.054216164648380250e-01
6.451489566102946993e-01 6.624057579995415446e-02 2.416972805192756646e-01 1.000000000000000000e+00 2.816192271557577675e-01 2.396587037195646031e-01 3.900973728927812356e-01 2.584244548420973064e-01 1.617222364103336751e-01 3.882689592969764125e-01 9.089656472072243920e-02 5.777035896762433564e-01 3.860575687192130956e-01 5.300921292451461486e-01 5.209486272112384686e-01 3.458944136398572899e-01 2.543557142410378114e-01 2.089852679925963685e-01 3.239288924184932639e-01 4.870876677965759183e-01 4.266171993721275535e-01 6.570039902924568187e-02 1.302133468082789791e-01 4.677373802951068638e-01 4.601331852579722548e-01 1.083572070772116785e-01 6.496006145937838205e-02 5.450030340337487234e-01
5.779729592540472360e-01 3.899283905909846359e-02 6.677129003484759406e-02 2.816192271557577675e-01 1.000000000000000000e+00 4.291445915265491573e-01 5.982587834377510738e-01 9.318618581862689321e-02 8.140211474549385873e-02 4.795789736081282895e-01 6.359049213614216545e-02 5.058268153018433688e-01 6.162110317387804459e-01 3.365377708245622657e-01 4.430615717631845030e-01 2.101913202151164672e-01 5.206627731647586188e-01 2.754891559186569555e-02 2.706497699700624246e-02 4.943752146600562947e-01 4.042933161365845907e-01 5.708452818519752642e-02 1.650899100795361618e-01 3.817018427144983628e-01 5.254205031375303037e-01 8.651383139034227177e-03 3.753193570201367180e-02 4.751558230938588978e-01
5.382470562229628719e-01 4.995657318740073100e-02 1.376136389689802397e-01 2.396587037195646031e-01 4.291445915265491573e-01 1.000000000000000000e+00 5.971260461227225758e-01 1.796684603175365269e-01 1.298733597337844992e-01 5.008169950296280648e-01 1.183280409745523926e-01 5.001464147067826715e-01 6.246882715344448389e-01 3.751894233513374810e-01 6.553996035433515832e-01 3.692248443227629240e-01 5.454178250901724478e-01 5.813116479239429507e-02 8.027452907595174214e-02 4.414686125693934038e-01 3.680000471529750183e-01 5.277732395300521046e-02 2.361747751909062942e-01 4.068477810024663244e-01 5.761807244334028466e-01 5.448810976311082438e-02 1.076249534016949644e-01 5.031191382236686049e-01
8.955929560219143548e-01 3.770370044407152926e-02 9.618121329009883536e-02 3.900973728927812356e-01 5.982587834377510738e-01 5.971260461227225758e-01 1.000000000000000000e+00 1.186476503788196357e-01 1.237968184877547423e-01 8.636370457582620563e-01 8.517567934196372537e-02 6.790256994698182780e-01 9.893528881947792897e-01 4.503002218185120364e-01 5.690746125700310021e-01 1.975715011691664136e-01 6.302084022710032762e-01 3.409740675015859174e-02 2.243243620441120675e-02 6.426583277814413853e-01 6.268638623359653606e-01 6.471509308453515796e-02 1.504386100296373208e-01 3.270486236001347025e-01 8.888331881368338738e-01 2.963141923129606128e-02 4.467303328698822573e-02 7.837448768354020601e-01
1.189452383061989221e-01 1.675062989301669691e-01 3.868146786676383564e-01 2.584244548420973064e-01 9.318618581862689321e-02 1.796684603175365269e-01 1.186476503788196357e-01 1.000000000000000000e+00 3.153071248718036235e-01 1.125214463683748556e-01 5.251314551991949076e-01 1.692363282146676084e-01 1.223966085603904880e-01 2.341309422736259915e-01 2.328164783901225943e-01 1.971493478557642398e-01 1.315190630043804598e-01 3.243887676739275472e-01 3.771472403896591330e-01 1.144958462324563719e-01 7.780538554305407861e-02 3.260104137303336258e-01 2.909156129509622435e-01 3.401854620289509468e-01 1.034506990499924339e-01 1.690592525693923320e-01 2.976769163204971425e-01 1.095936449407841073e-01
9.484528931329579138e-02 1.353691755588230794e-01 5.377427091510140755e-01 1.617222364103336751e-01 8.140211474549385873e-02 1.298733597337844992e-01 1.237968184877547423e-01 3.153071248718036235e-01 9.999999999999998890e-01 9.857717528169933352e-02 3.098818752799107901e-01 1.251442115613257133e-01 1.286456380318982406e-01 1.749293314368706442e-01 1.393776835541853387e-01 1.964803497243699237e-01 1.279314487817073964e-01 2.932877650045990214e-01 4.690634674497569101e-01 3.315418457510382888e-02 6.592761697518394193e-02 1.033771514440123274e-01 3.813449671118631645e-01 3.017785162296133250e-01 1.066956956630353559e-01 1.495380707725220137e-01 1.993418610203006314e-01 1.273882501385975030e-01
7.327529812064706993e-01 3.236196474703363635e-02 9.736325851132285325e-02 3.882689592969764125e-01 4.795789736081282895e-01 5.008169950296280648e-01 8.636370457582620563e-01 1.125214463683748556e-01 9.857717528169933352e-02 1.000000000000000000e+00 3.447415539250194005e-02 5.821041074242947477e-01 8.446804911790140036e-01 4.429736321196150461e-01 5.512219928399174629e-01 1.681506295376881399e-01 4.621945824333894004e-01 3.187931613718293644e-02 2.664125433898069384e-02 5.985091597605032288e-01 6.983994685008766412e-01 4.717177243512427759e-02 1.011628172199542375e-01 2.660572592525449753e-01 7.428252742029839428e-01 2.439844994322622434e-04 3.882752021173479368e-02 6.981739136089849529e-01
9.056658772083420184e-02 1.426696511641565301e-01 3.339327207370190731e-01 9.089656472072243920e-02 6.359049213614216545e-02 1.183280409745523926e-01 8.517567934196372537e-02 5.251314551991949076e-01 3.098818752799107901e-01 3.447415539250194005e-02 1.000000000000000222e+00 1.103328450674907202e-01 8.656956512313393470e-02 9.524195115514252907e-02 7.613292177750723144e-02 1.214173406118755072e-01 1.097525076799157617e-01 2.217738216508347016e-01 3.302242205996338553e-01 4.011126543627242108e-02 4.308222260246088314e-02 1.726244868183465508e-01 2.318624231984196538e-01 1.988041712989448151e-01 1.102107507887111204e-01 2.055830813577414207e-01 2.075634062065808971e-01 1.104345679661801610e-01
8.064621087012877609e-01 4.288135412218125470e-02 1.471803660594922791e-01 5.777035896762433564e-01 5.058268153018433688e-01 5.001464147067826715e-01 6.790256994698182780e-01 1.692363282146676084e-01 1.251442115613257133e-01 5.821041074242947477e-01 1.103328450674907202e-01 1.000000000000000000e+00 7.235615369615234771e-01 6.120764504482040236e-01 6.562622983793651166e-01 4.012459124859455994e-01 5.365295137045723584e-01 8.571221971378081839e-02 1.242521949320470609e-01 7.540196051173209124e-01 5.143634386739622810e-01 4.104890338561345553e-02 2.113374915396725728e-01 5.430376696449780161e-01 7.748124189410544593e-01 3.989399655032695863e-02 7.553519668184290048e-02 8.055203129300035902e-01
8.917972579616091355e-01 3.882428606260647508e-02 1.017630567507798595e-01 3.860575687192130956e-01 6.162110317387804459e-01 6.246882715344448389e-01 9.893528881947792897e-01 1.223966085603904880e-01 1.286456380318982406e-01 8.446804911790140036e-01 8.656956512313393470e-02 7.235615369615234771e-01 1.000000000000000000e+00 4.462404161378291656e-01 6.083358014803599279e-01 2.299762136815657609e-01 6.511113415524445447e-01 3.887131891184424093e-02 2.487871080956987127e-02 6.613774240588932152e-01 5.965099153883886007e-01 6.327080617619626479e-02 1.653345364757627667e-01 3.535725425814439937e-01 9.080350510315643442e-01 2.834382816390311130e-02 4.564384562144773588e-02 7.883891222909412688e-01
5.259351310113643541e-01 9.098883665767752704e-02 2.144219539226071836e-01 5.300921292451461486e-01 3.365377708245622657e-01 3.751894233513374810e-01 4.503002218185120364e-01 2.341309422736259915e-01 1.749293314368706442e-01 4.429736321196150461e-01 9.524195115514252907e-02 6.120764504482040236e-01 4.462404161378291656e-01 1.000000000000000000e+00 5.423091796216165106e-01 4.610286912476266874e-01 3.764202195778971749e-01 1.550453174977098891e-01 2.230819378050494517e-01 4.323076993801088230e-01 6.847145321185608147e-01 4.031474929912687299e-02 2.379513441080872427e-01 5.639017820566056827e-01 3.872422090629477065e-01 6.037710939289564482e-02 1.350801241862351343e-01 5.479211808927206828e-01
6.113205934772739658e-01 7.691843952520777128e-02 2.185857280965754490e-01 5.209486272112384686e-01 4.430615717631845030e-01 6.553996035433515832e-01 5.690746125700310021e-01 2.328164783901225943e-01 1.393776835541853387e-01 5.512219928399174629e-01 7.613292177750723144e-02 6.562622983793651166e-01 6.083358014803599279e-01 5.423091796216165106e-01 1.000000000000000000e+00 5.180099843266009474e-01 6.239808488149146681e-01 1.286161464788297959e-01 1.871021727335225870e-01 6.108436035314116497e-01 4.410191514878715746e-01 4.109402133648344668e-02 2.454599965851127774e-01 5.732597333145392771e-01 6.013151758848206407e-01 4.875078748578373644e-02 1.262774774547494039e-01 5.814896771190641855e-01
2.390080436381947226e-01 1.116040187114337723e-01 2.006843827583405793e-01 3.458944136398572899e-01 2.101913202151164672e-01 3.692248443227629240e-01 1.975715011691664136e-01 1.971493478557642398e-01 1.964803497243699237e-01 1.681506295376881399e-01 1.214173406118755072e-01 4.012459124859455994e-01 2.299762136815657609e-01 4.610286912476266874e-01 5.180099843266009474e-01 1.000000000000000000e+00 3.511659578355508238e-01 1.479221753560947539e-01 2.190845992035014289e-01 2.317103553244699576e-01 2.540465677936996625e-01 6.565119482716320898e-02 2.939712349744439956e-01 5.457246055808205876e-01 1.939429491008534678e-01 5.469713113644499719e-02 6.877520447506586809e-02 2.478826588237279527e-01
6.187132617048592964e-01 4.022531588046855677e-02 8.873116656712083661e-02 2.543557142410378114e-01 5.206627731647586188e-01 5.454178250901724478e-01 6.302084022710032762e-01 1.315190630043804598e-01 1.279314487817073964e-01 4.621945824333894004e-01 1.097525076799157617e-01 5.365295137045723584e-01 6.511113415524445447e-01 3.764202195778971749e-01 6.239808488149146681e-01 3.511659578355508238e-01 1.000000000000000000e+00 2.781067867427604312e-02 8.847673695491103940e-02 6.303553735996872964e-01 3.545675455493988992e-01 4.378898788461894204e-02 2.363231728446600899e-01 4.736891436776331510e-01 6.202276481804757102e-01 2.175275183716988622e-02 5.218434544330280422e-02 5.318340772801842808e-01
6.423407248866892794e-02 1.438861720028072055e-01 4.117452722042355684e-01 2.089852679925963685e-01 2.754891559186569555e-02 5.813116479239429507e-02 3.409740675015859174e-02 3.243887676739275472e-01 2.932877650045990214e-01 3.187931613718293644e-02 2.217738216508347016e-01 8.571221971378081839e-02 3.887131891184424093e-02 1.550453174977098891e-01 1.286161464788297959e-01 1.479221753560947539e-01 2.781067867427604312e-02 9.999999999999997780e-01 5.708797309257608310e-01 1.480515106461541795e-02 5.660661358301547624e-02 3.720665199893880559e-01 2.206205245011483296e-01 2.192119709097655189e-01 2.377540319591047585e-02 1.371064418238417126e-01 4.015590508471522657e-01 3.459100971317023016e-02
8.779456517518521852e-02 1.601293045807711812e-01 5.774536516993735713e-01 3.239288924184932639e-01 2.706497699700624246e-02 8.027452907595174214e-02 2.243243620441120675e-02 3.771472403896591330e-01 4.690634674497569101e-01 2.664125433898069384e-02 3.302242205996338553e-01 1.242521949320470609e-01 2.487871080956987127e-02 2.230819378050494517e-01 1.871021727335225870e-01 2.190845992035014289e-01 8.847673695491103940e-02 5.708797309257608310e-01 1.000000000000000222e+00 1.683783864582189330e-02 3.203451465893835531e-02 2.464860152127124060e-01 2.038000999993170859e-01 2.814639462737410502e-01 9.373742016350387202e-03 1.935434175567666004e-01 2.983903974401940773e-01 1.756392043503602826e-02
7.789949432750341574e-01 2.712961722386304786e-02 6.628545167254416837e-02 4.870876677965759183e-01 4.943752146600562947e-01 4.414686125693934038e-01 6.426583277814413853e-01 1.144958462324563719e-01 3.315418457510382888e-02 5.985091597605032288e-01 4.011126543627242108e-02 7.540196051173209124e-01 6.613774240588932152e-01 4.323076993801088230e-01 6.108436035314116497e-01 2.317103553244699576e-01 6.303553735996872964e-01 1.480515106461541795e-02 1.683783864582189330e-02 1.000000000000000000e+00 4.276885088246399347e-01 2.081707801148631465e-02 1.274508189745493514e-01 4.414717537810984305e-01 7.768013707454838324e-01 4.760514380102155892e-03 3.048403409531370498e-02 7.468728891479385901e-01
5.762793958499508040e-01 3.165849481305389734e-02 8.303478108475315089e-02 4.266171993721275535e-01 4.042933161365845907e-01 3.680000471529750183e-01 6.268638623359653606e-01 7.780538554305407861e-02 6.592761697518394193e-02 6.983994685008766412e-01 4.308222260246088314e-02 5.143634386739622810e-01 5.965099153883886007e-01 6.847145321185608147e-01 4.410191514878715746e-01 2.540465677936996625e-01 3.545675455493988992e-01 5.660661358301547624e-02 3.203451465893835531e-02 4.276885088246399347e-01 1.000000000000000000e+00 2.358450118339754445e-02 1.339352709884947257e-01 2.683129135898453810e-01 4.814740852189051679e-01 9.763749180529465027e-03 5.260577446647253519e-02 6.558356836675052204e-01
3.997064092957149789e-02 1.884786651230965504e-01 2.148441927470922663e-01 6.570039902924568187e-02 5.708452818519752642e-02 5.277732395300521046e-02 6.471509308453515796e-02 3.260104137303336258e-01 1.033771514440123274e-01 4.717177243512427759e-02 1.726244868183465508e-01 4.104890338561345553e-02 6.327080617619626479e-02 4.031474929912687299e-02 4.109402133648344668e-02 6.565119482716320898e-02 4.378898788461894204e-02 3.720665199893880559e-01 2.464860152127124060e-01 2.081707801148631465e-02 2.358450118339754445e-02 9.999999999999998890e-01 2.699558044551242930e-01 1.060654346241029916e-01 4.407600351671855238e-02 8.696509149842267250e-02 4.895882976362950778e-01 8.502611013078578694e-02
1.260343595475109379e-01 2.087042204424706393e-01 2.434543000236946697e-01 1.302133468082789791e-01 1.650899100795361618e-01 2.361747751909062942e-01 1.504386100296373208e-01 2.909156129509622435e-01 3.813449671118631645e-01 1.011628172199542375e-01 2.318624231984196538e-01 2.113374915396725728e-01 1.653345364757627667e-01 2.379513441080872427e-01 2.454599965851127774e-01 2.939712349744439956e-01 2.363231728446600899e-01 2.206205245011483296e-01 2.038000999993170859e-01 1.274508189745493514e-01 1.339352709884947257e-01 2.699558044551242930e-01 1.000000000000000000e+00 4.026861113461656649e-01 1.367296786091690697e-01 1.363063264791875839e-01 1.907006354758633282e-01 1.899596994151941109e-01
4.125475881545685453e-01 1.843597238232854985e-01 2.540128930845358401e-01 4.677373802951068638e-01 3.817018427144983628e-01 4.068477810024663244e-01 3.270486236001347025e-01 3.401854620289509468e-01 3.017785162296133250e-01 2.660572592525449753e-01 1.988041712989448151e-01 5.430376696449780161e-01 3.535725425814439937e-01 5.639017820566056827e-01 5.732597333145392771e-01 5.457246055808205876e-01 4.736891436776331510e-01 2.192119709097655189e-01 2.814639462737410502e-01 4.414717537810984305e-01 2.683129135898453810e-01 1.060654346241029916e-01 4.026861113461656649e-01 1.000000000000000000e+00 3.655507608512282292e-01 9.697769015862710285e-02 1.470633946377772061e-01 3.904845080318611328e-01
9.107730203272866865e-01 2.720966579399122093e-02 8.435410529069878316e-02 4.601331852579722548e-01 5.254205031375303037e-01 5.761807244334028466e-01 8.888331881368338738e-01 1.034506990499924339e-01 1.066956956630353559e-01 7.428252742029839428e-01 1.102107507887111204e-01 7.748124189410544593e-01 9.080350510315643442e-01 3.872422090629477065e-01 6.013151758848206407e-01 1.939429491008534678e-01 6.202276481804757102e-01 2.377540319591047585e-02 9.373742016350387202e-03 7.768013707454838324e-01 4.814740852189051679e-01 4.407600351671855238e-02 1.367296786091690697e-01 3.655507608512282292e-01 1.000000000000000000e+00 2.567656846335327273e-02 3.823942539118495992e-02 8.796784645835037386e-01
4.813240413309650967e-02 1.155107978850349604e-01 1.979910170076685794e-01 1.083572070772116785e-01 8.651383139034227177e-03 5.448810976311082438e-02 2.963141923129606128e-02 1.690592525693923320e-01 1.495380707725220137e-01 2.439844994322622434e-04 2.055830813577414207e-01 3.989399655032695863e-02 2.834382816390311130e-02 6.037710939289564482e-02 4.875078748578373644e-02 5.469713113644499719e-02 2.175275183716988622e-02 1.371064418238417126e-01 1.935434175567666004e-01 4.760514380102155892e-03 9.763749180529465027e-03 8.696509149842267250e-02 1.363063264791875839e-01 9.697769015862710285e-02 2.567656846335327273e-02 9.999999999999998890e-01 1.023041961302663672e-01 4.727949136695789450e-02
3.483388670847763907e-02 1.280401334642397027e-01 2.538610793760862627e-01 6.496006145937838205e-02 3.753193570201367180e-02 1.076249534016949644e-01 4.467303328698822573e-02 2.976769163204971425e-01 1.993418610203006314e-01 3.882752021173479368e-02 2.075634062065808971e-01 7.553519668184290048e-02 4.564384562144773588e-02 1.350801241862351343e-01 1.262774774547494039e-01 6.877520447506586809e-02 5.218434544330280422e-02 4.015590508471522657e-01 2.983903974401940773e-01 3.048403409531370498e-02 5.260577446647253519e-02 4.895882976362950778e-01 1.907006354758633282e-01 1.470633946377772061e-01 3.823942539118495992e-02 1.023041961302663672e-01 1.000000000000000000e+00 7.955825401817191722e-02
8.474636179944070591e-01 5.613607661819949857e-02 1.054216164648380250e-01 5.450030340337487234e-01 4.751558230938588978e-01 5.031191382236686049e-01 7.837448768354020601e-01 1.095936449407841073e-01 1.273882501385975030e-01 6.981739136089849529e-01 1.104345679661801610e-01 8.055203129300035902e-01 7.883891222909412688e-01 5.479211808927206828e-01 5.814896771190641855e-01 2.478826588237279527e-01 5.318340772801842808e-01 3.459100971317023016e-02 1.756392043503602826e-02 7.468728891479385901e-01 6.558356836675052204e-01 8.502611013078578694e-02 1.899596994151941109e-01 3.904845080318611328e-01 8.796784645835037386e-01 4.727949136695789450e-02 7.955825401817191722e-02 9.999999999999997780e-01
