9.999999999999998890e-01 3.148366460973376912e-01 7.780549100903368931e-01 4.938035555291337975e-01 1.903726648439388880e-01 2.632022634830727958e-01 4.350810548867197758e-01 2.960884600275623391e-01 3.621120439358446741e-01 4.160919926384233358e-01 3.444504152875278447e-01
3.148366460973376912e-01 9.999999999999997780e-01 3.101011306794384526e-01 2.547811922499878534e-01 1.327379330416203762e-01 5.132489012667973416e-01 5.303208380309455405e-01 2.586110345994494519e-01 2.291085686059187165e-01 2.206752214783736787e-01 2.289464612912755215e-01
7.780549100903368931e-01 3.101011306794384526e-01 1.000000000000000000e+00 5.015211544812372413e-01 1.845182410243894899e-01 2.727610428179761959e-01 4.754466421034776458e-01 3.599580051299761108e-01 3.627165458517226382e-01 4.280209848993746236e-01 3.956130393486017582e-01
4.938035555291337975e-01 2.547811922499878534e-01 5.015211544812372413e-01 1.000000000000000222e+00 4.104831046960508711e-01 2.553278305966718564e-01 5.962375371058917795e-01 3.029149756922013825e-01 4.489106045658636801e-01 5.918712845512170695e-01 3.807657655473511427e-01
1.903726648439388880e-01 1.327379330416203762e-01 1.845182410243894899e-01 4.104831046960508711e-01 1.000000000000000000e+00 1.151731245995952641e-01 3.215414870646663981e-01 1.161892824305785221e-01 3.695378381438688131e-01 2.222498093070628122e-01 1.925026389624629464e-01
2.632022634830727958e-01 5.132489012667973416e-01 2.727610428179761959e-01 2.553278305966718564e-01 1.151731245995952641e-01 1.000000000000000000e+00 4.974235198988959938e-01 2.440319483643271226e-01 2.905474012473939216e-01 2.588444441418071840e-01 2.106142543858104121e-01
4.350810548867197758e-01 5.303208380309455405e-01 4.754466421034776458e-01 5.962375371058917795e-01 3.215414870646663981e-01 4.974235198988959938e-01 9.999999999999998890e-01 4.844450157493506715e-01 5.041246974982925844e-01 4.552627155852781993e-01 4.905291500191998333e-01
2.960884600275623391e-01 2.586110345994494519e-01 3.599580051299761108e-01 3.029149756922013825e-01 1.161892824305785221e-01 2.440319483643271226e-01 4.844450157493506715e-01 1.000000000000000000e+00 4.218504077048729206e-01 3.193504634736686332e-01 7.002438107486664842e-01
3.621120439358446741e-01 2.291085686059187165e-01 3.627165458517226382e-01 4.489106045658636801e-01 3.695378381438688131e-01 2.905474012473939216e-01 5.041246974982925844e-01 4.218504077048729206e-01 1.000000000000000000e+00 3.948256749598578197e-01 4.192938659493423148e-01
4.160919926384233358e-01 2.206752214783736787e-01 4.280209848993746236e-01 5.918712845512170695e-01 2.222498093070628122e-01 2.588444441418071840e-01 4.552627155852781993e-01 3.193504634736686332e-01 3.948256749598578197e-01 1.000000000000000000e+00 3.493039536398348521e-01
3.444504152875278447e-01 2.289464612912755215e-01 3.956130393486017582e-01 3.807657655473511427e-01 1.925026389624629464e-01 2.106142543858104121e-01 4.905291500191998333e-01 7.002438107486664842e-01 4.192938659493423148e-01 3.493039536398348521e-01 9.999999999999997780e-01
