1.000000000000000000e+00 7.557525482023870478e-02 1.349988832638815694e-01 9.913163312844022745e-02 3.417948547958944983e-01 1.622672751040401540e-01 1.216041568319345678e-01 7.746271013366597125e-02 1.223976136713486179e-01 1.045228315349539250e-01 1.897495630059571892e-01 4.714123757974670453e-02 1.754041735685467063e-01 1.463623326222340815e-01 7.489277975998982484e-01 5.989685095813757076e-01 2.814866195632972218e-02 2.382013516581904244e-01 1.122690720881277804e-01 2.683894586157480888e-01 1.223463736384112072e-01 8.090702468471853981e-02 1.331019153850726278e-01 1.133107145860052373e-01 2.455377329479659435e-02 6.313794775104389356e-02 3.984135333880895607e-02 2.305071443239351814e-01 2.303952080639033451e-01 8.014232951484485945e-02 1.565190595528858641e-01 1.509270922105738766e-01 3.494420757693571522e-01 2.151062079875114552e-01 1.237041226882230061e-01 8.056530991213500803e-02 1.908091046556602277e-01 3.388971693126861112e-02 8.371149536022537418e-02 1.725296077964656449e-01 4.259320553772786427e-02 1.670954288093488838e-01 1.342999928510829055e-01 2.031514471925487397e-01 2.703036715440260696e-01 4.138239428034963530e-02 9.674441796562857632e-02 4.889570128325892440e-01
7.557525482023870478e-02 1.000000000000000222e+00 5.859372061246121977e-01 5.979832132967912717e-01 8.698932267308688571e-02 5.745234867645083732e-01 4.155482457086893122e-01 1.082736861717887994e-01 2.989221278974476537e-01 4.181764391741237263e-01 9.426426904428329701e-02 7.604742036041310937e-01 6.692660905214370404e-01 5.119945530896330421e-01 8.974478163547031095e-02 1.072415238427474327e-01 8.822952697690350510e-01 2.804421387325688464e-01 8.027791237265523572e-01 4.945780283432836266e-01 5.560608793713260889e-01 6.603088951308454524e-01 5.285024514067062640e-01 5.008639024451401189e-01 8.141001703867564165e-01 7.566087572156224850e-01 6.859077897084349118e-01 6.254045133230664577e-01 4.727946819168184905e-02 7.549183973069688580e-01 2.437176866770574546e-01 5.434755965444625359e-01 6.235379307942021110e-02 5.045634654855795098e-01 6.406664175729022137e-01 6.604703102982837359e-01 3.398497574632675655e-01 8.239580226148259801e-01 6.085707042127613819e-01 3.527160215620708250e-01 9.255826529604379571e-01 6.366112500055525203e-01 5.815710174259958176e-01 6.022581247408455296e-02 7.789521850955344329e-02 8.365469522048172291e-01 7.412063441758062199e-01 4.779018802033948438e-02
1.349988832638815694e-01 5.859372061246121977e-01 1.000000000000000222e+00 8.686610340477236569e-01 1.941067313001473282e-01 7.255123040725517392e-01 5.742944008298963565e-01 3.376318586595506432e-01 5.763550902105440965e-01 7.192773706558651670e-01 2.950371341654473567e-01 5.889141417551936319e-01 8.259366551580317184e-01 8.084696635927619557e-01 1.274014290231997026e-01 2.452062600851134810e-01 5.605574448947990840e-01 5.769043558306339303e-01 6.371259072056199013e-01 6.759222805428050096e-01 5.824889897398740635e-01 7.989250694997667157e-01 7.281086152582662008e-01 8.008925862678311081e-01 4.833158752735790542e-01 7.053495339270662301e-01 4.641327451940335802e-01 6.881456122447082713e-01 6.418031147767699895e-02 7.079061051719595099e-01 5.788901597714530833e-01 7.705015644434383137e-01 9.144444336835789999e-02 7.609711241181144059e-01 7.230183945898592812e-01 7.987788317544856076e-01 6.584043633698453135e-01 5.261550827789728269e-01 4.808963801425524820e-01 3.678543602054306083e-01 5.895001800679623427e-01 6.639047805701088212e-01 5.826490753585595872e-01 5.028422338064127833e-02 1.726967900307563863e-01 5.354087643282795517e-01 7.041875199670120100e-01 9.859756404394456886e-02
9.913163312844022745e-02 5.979832132967912717e-01 8.686610340477236569e-01 1.000000000000000000e+00 8.325630969350883426e-02 7.051847795314476475e-01 5.161961146103973830e-01 2.238525950055196279e-01 5.349942199017643230e-01 5.477718202664089153e-01 2.969281650823735186e-01 5.304095105191343196e-01 8.099706159290175345e-01 7.475449599477016482e-01 9.288003006365534719e-02 1.540064840095848320e-01 6.132666565243393153e-01 5.145490132578666165e-01 6.286563585839294310e-01 6.427891441709605580e-01 5.808485992275270737e-01 8.126136251000890542e-01 6.248774698026987595e-01 6.617497484432635080e-01 4.907191549136492026e-01 6.821759218823976179e-01 5.307746676853778434e-01 6.593077926769905783e-01 8.378567000795587860e-02 6.803716011708479394e-01 6.094617572745744116e-01 6.981616320147551180e-01 5.147847363706915813e-02 7.286232333611057932e-01 5.935677826027564441e-01 8.123084067776201733e-01 6.039375933940076546e-01 5.840954105607507607e-01 4.332517659499369733e-01 3.532771032492489915e-01 6.538196136184407647e-01 6.617264024915786580e-01 5.389599149601018713e-01 3.383903187261303597e-02 1.310371295665626878e-01 5.503753866725931143e-01 7.010818582832579748e-01 7.887776073370927898e-02
3.417948547958944983e-01 8.698932267308688571e-02 1.941067313001473282e-01 8.325630969350883426e-02 1.000000000000000222e+00 1.233956204923880584e-01 1.130006787089616327e-01 1.448260364942038914e-01 2.338532145761941239e-01 1.288657158898334765e-01 2.185816694484109812e-01 9.948943084365820255e-02 2.170971519950559148e-01 1.457627620878084729e-01 3.433245298564818193e-01 3.920962913312505682e-01 6.077463434040066698e-02 2.624103530525965788e-01 1.164596961724292112e-01 2.712183733005484876e-01 1.915008584597780172e-01 1.314869790157782992e-01 1.092697949944335251e-01 1.831675139483125714e-01 6.601308125724117404e-02 1.095452544566379721e-01 5.384056344678637279e-02 2.433873637946325774e-01 2.770089520871327204e-01 1.221111649725827031e-01 1.373034744137309748e-01 2.208234791747602510e-01 2.378545159081975058e-01 1.889996610627601992e-01 1.985946890175301627e-01 1.311683990034452352e-01 2.926228309073014566e-01 5.699716781812164818e-02 1.173901230912778593e-01 1.634029722982019150e-01 6.970687883498850879e-02 9.662492624192416113e-02 1.246526008008919939e-01 7.451163699048377054e-02 3.177846094008860423e-01 6.582764751439594553e-02 1.970075743433176152e-01 2.478707504282617324e-01
1.622672751040401540e-01 5.745234867645083732e-01 7.255123040725517392e-01 7.051847795314476475e-01 1.233956204923880584e-01 1.000000000000000222e+00 4.496924608171456450e-01 2.361470578827349620e-01 3.827808269696088006e-01 4.418484863057650647e-01 1.857694777115420359e-01 5.575565597941707363e-01 6.990515559918298871e-01 7.003276810342189407e-01 2.009179658136831526e-01 2.287183808868681889e-01 5.209118324097520292e-01 4.635089437018371505e-01 5.689619870341732222e-01 5.654554493631236411e-01 4.387862163162997708e-01 7.020402140865196206e-01 6.418793757732309535e-01 5.127922117430478988e-01 4.691107861043650185e-01 6.084973809547098433e-01 4.201986606314229156e-01 6.090982413753381897e-01 5.880560658338505886e-02 6.087764787400609112e-01 3.790865549642157828e-01 5.626814707965058782e-01 8.226975262224293928e-02 5.903275317033913616e-01 5.382642659897399762e-01 7.013532852722460520e-01 4.487180098379069393e-01 4.891138694619981409e-01 4.575901774617084916e-01 3.001934696549387604e-01 5.355103492624936345e-01 5.744516372347849842e-01 4.679297344090931898e-01 6.772784300321292583e-02 9.757863427137677959e-02 4.821211350120581107e-01 6.530869408248491936e-01 1.306729009625056948e-01
1.216041568319345678e-01 4.155482457086893122e-01 5.742944008298963565e-01 5.161961146103973830e-01 1.130006787089616327e-01 4.496924608171456450e-01 1.000000000000000000e+00 2.297303707277877083e-01 5.088167521090073420e-01 6.587776031001275623e-01 2.669898429263733997e-01 4.445681034623392702e-01 6.063709076929029163e-01 6.618404238657545902e-01 1.048827054397203778e-01 2.121591724261439327e-01 3.899869738872518421e-01 6.433846233315884122e-01 7.288396091968585289e-01 6.589799262528233115e-01 4.216377113376011398e-01 4.732522368181217853e-01 6.099971595637212474e-01 5.493433225658366226e-01 5.093139939410900041e-01 5.227468290902611558e-01 3.048496774019310851e-01 5.933241130973700983e-01 1.019715413931627929e-01 5.363632731619597527e-01 4.178650292419539558e-01 7.676058179865163922e-01 6.677810923067072080e-02 6.011658807474552502e-01 6.530971177980184894e-01 4.732034949440474536e-01 5.429843357785945068e-01 3.591478946685028317e-01 4.441779147395018557e-01 2.024668243747615448e-01 3.968085218017053384e-01 4.990812974641767874e-01 7.110336116902680192e-01 6.046587475626162556e-02 9.215560886126436535e-02 3.732766533733192782e-01 3.163638174011337290e-01 5.214206761865195633e-02
7.746271013366597125e-02 1.082736861717887994e-01 3.376318586595506432e-01 2.238525950055196279e-01 1.448260364942038914e-01 2.361470578827349620e-01 2.297303707277877083e-01 1.000000000000000000e+00 2.963527894140073893e-01 5.506379493719797402e-01 5.531157101119273112e-02 3.842705688010469300e-01 1.199360834329795678e-01 2.705365606862802363e-01 1.278009198685890746e-01 3.209837025420532730e-01 1.383043341585507569e-01 3.580333430509741177e-01 1.806814472851745734e-01 1.842021059857299747e-01 1.682828011175210026e-01 1.253342724268644848e-01 3.977490568308874597e-01 4.322173014825000936e-01 4.191067618678269435e-02 2.856668315220709520e-01 1.353573149599943681e-01 1.812493961980957968e-01 1.181530069849318076e-01 2.925589629111074452e-01 1.237106697656473464e-01 2.281794578356564074e-01 1.345840105391608033e-01 1.951093827173533968e-01 4.913828164989126335e-01 1.252800889053472255e-01 1.758666668229046104e-01 1.273168795828321653e-01 2.324788607365230741e-01 1.835082518682691344e-01 1.637043979058685206e-01 1.291513510842406121e-01 1.689843058287785471e-01 2.893251289042054336e-02 1.984595284167445239e-01 1.038912157643202550e-01 1.355627913163695020e-01 5.543663637638741176e-02
1.223976136713486179e-01 2.989221278974476537e-01 5.763550902105440965e-01 5.349942199017643230e-01 2.338532145761941239e-01 3.827808269696088006e-01 5.088167521090073420e-01 2.963527894140073893e-01 9.999999999999997780e-01 4.234150453969867112e-01 2.811515799296093743e-01 3.605635907603915724e-01 5.795802562223033583e-01 5.018594041460749944e-01 1.634597964055938546e-01 2.101897102856942201e-01 3.002852664341368882e-01 5.577837758272564672e-01 4.636229052336471312e-01 6.366181250175462214e-01 4.506183235916503826e-01 4.676918066292750087e-01 3.163339870322403047e-01 7.209842376355688476e-01 3.645996907672325871e-01 4.954027233839212729e-01 2.462621727802243865e-01 5.251524481406346645e-01 8.317485791227194336e-02 4.906553348009084492e-01 5.316330172416822153e-01 7.187305895726280314e-01 1.014082535278279795e-01 5.975460057852901574e-01 6.042125229823871457e-01 4.676265598118996558e-01 7.112489130543862004e-01 2.759214068421417809e-01 3.811598222657938684e-01 3.025052446896284719e-01 3.421078263678690723e-01 4.219210237974633237e-01 5.044680750267348524e-01 5.489104786435036049e-02 1.209698782928715910e-01 2.859286271326020312e-01 2.711721303437004127e-01 6.351804724679301073e-02
1.045228315349539250e-01 4.181764391741237263e-01 7.192773706558651670e-01 5.477718202664089153e-01 1.288657158898334765e-01 4.418484863057650647e-01 6.587776031001275623e-01 5.506379493719797402e-01 4.234150453969867112e-01 1.000000000000000222e+00 1.938560379542546563e-01 5.150141139179909011e-01 5.081008349462861062e-01 6.079690889067367321e-01 1.209144979762996619e-01 2.846943607172252033e-01 4.010075634170336967e-01 5.669005408185657791e-01 5.802178504532409242e-01 5.103265627425793705e-01 4.439032525890110881e-01 4.478443111561574708e-01 6.759981902704669254e-01 7.308333109582868525e-01 3.249934473353285336e-01 5.423679813079730350e-01 3.322554320010442930e-01 4.707133788201686153e-01 1.043055068612316616e-01 5.471612114826710505e-01 3.822468023724384656e-01 6.572770953948930961e-01 1.058436123220317382e-01 5.797339801583186736e-01 7.207277523780770689e-01 4.478005881930027798e-01 5.156556298365055913e-01 3.744620966498393710e-01 3.925181323121836319e-01 2.881881384184823425e-01 4.243045134807502117e-01 4.344864388415606848e-01 5.319427112578907213e-01 4.096986936330319212e-02 1.687655502294212184e-01 3.883253463922358151e-01 3.436445516192567218e-01 5.120054345689881853e-02
1.897495630059571892e-01 9.426426904428329701e-02 2.950371341654473567e-01 2.969281650823735186e-01 2.185816694484109812e-01 1.857694777115420359e-01 2.669898429263733997e-01 5.531157101119273112e-02 2.811515799296093743e-01 1.938560379542546563e-01 1.000000000000000000e+00 8.917658761361492437e-02 2.810972156998786109e-01 2.410659276025713948e-01 1.420240085354399218e-01 2.001881047961370230e-01 8.145437616716352802e-02 2.781757314549298532e-01 1.566864557122419344e-01 3.823548894506123563e-01 2.189854518816929663e-01 2.497845694833389640e-01 1.317947189604811442e-01 2.812986414598079299e-01 5.386218274611049434e-02 1.998791818873903170e-01 8.225945772796805500e-02 2.249841153867234989e-01 1.112282817998770795e-01 2.016503577286643811e-01 3.586885413630512276e-01 3.077887575397028064e-01 1.129957579763223585e-01 3.501439894176132661e-01 1.745807892201365064e-01 2.497940834345142025e-01 3.360916632493757827e-01 8.150888727863277172e-02 7.774520166757294126e-02 2.072789701362180714e-01 1.086275297584227278e-01 1.321188584914225472e-01 1.841818079021367016e-01 1.283080786429418307e-01 2.803925991082216185e-01 8.593739286404707134e-02 9.930608927633642613e-02 1.560978955838031590e-01
4.714123757974670453e-02 7.604742036041310937e-01 5.889141417551936319e-01 5.304095105191343196e-01 9.948943084365820255e-02 5.575565597941707363e-01 4.445681034623392702e-01 3.842705688010469300e-01 3.605635907603915724e-01 5.150141139179909011e-01 8.917658761361492437e-02 9.999999999999997780e-01 5.599438679902185578e-01 5.089910594253750364e-01 9.403338898279826885e-02 1.897252212569127128e-01 7.310617044435907541e-01 3.602897351847866858e-01 7.232650969743812386e-01 4.188434092294494593e-01 5.102778968089616285e-01 5.767056552112316270e-01 5.640975344863460306e-01 5.614261928387891398e-01 6.707220248495461279e-01 8.748409452074467074e-01 5.770728981144636061e-01 5.192590463633305342e-01 3.353366143790110360e-02 8.707453163393163997e-01 2.160104076266449458e-01 5.004180299178870861e-01 7.379462117780874464e-02 4.413427563593948499e-01 6.303805587200487226e-01 5.771614526727972816e-01 3.154783828680783886e-01 6.893795979649082195e-01 6.701966551537661410e-01 2.721766278123405325e-01 7.516445909465804265e-01 5.282533921732525117e-01 5.216206408060383160e-01 4.720987466939966654e-02 1.253608904965935467e-01 6.952545751731318280e-01 6.071651964417856817e-01 2.918381001943927411e-02
1.754041735685467063e-01 6.692660905214370404e-01 8.259366551580317184e-01 8.099706159290175345e-01 2.170971519950559148e-01 6.990515559918298871e-01 6.063709076929029163e-01 1.199360834329795678e-01 5.795802562223033583e-01 5.081008349462861062e-01 2.810972156998786109e-01 5.599438679902185578e-01 1.000000000000000000e+00 7.568899935467992002e-01 1.862893192734668135e-01 2.270492725630512965e-01 6.338945201792757222e-01 5.385718899830511663e-01 7.507654763678365262e-01 7.096042767451592459e-01 5.836028217232703819e-01 7.753353520395028786e-01 6.066454851318873187e-01 6.710438319504121729e-01 6.451152450763638635e-01 6.898717477064151282e-01 5.172226073162913274e-01 7.958287913731179053e-01 7.247506760721053598e-02 7.022778027165210712e-01 6.176564731014765330e-01 7.854711029617316154e-01 1.005110497089814620e-01 7.282213354237992986e-01 6.387390936929024932e-01 7.751601278661925942e-01 6.055345297958415474e-01 5.906496644133103491e-01 5.043752757152107913e-01 3.407309374749320496e-01 6.637813184281825540e-01 7.162307198911244122e-01 6.993944730360834861e-01 6.999037102187902204e-02 1.298421812191880853e-01 5.883933018782311342e-01 7.025054407431681192e-01 1.389596464293463562e-01
1.463623326222340815e-01 5.119945530896330421e-01 8.084696635927619557e-01 7.475449599477016482e-01 1.457627620878084729e-01 7.003276810342189407e-01 6.618404238657545902e-01 2.705365606862802363e-01 5.018594041460749944e-01 6.079690889067367321e-01 2.410659276025713948e-01 5.089910594253750364e-01 7.568899935467992002e-01 1.000000000000000222e+00 1.420062094261299590e-01 2.459180521598419433e-01 5.893423558761243797e-01 5.864831244746961936e-01 6.430908022302844751e-01 6.549559110277921592e-01 4.833189861970065837e-01 7.430578916050061267e-01 7.577489550593472512e-01 6.412140937529051676e-01 5.023691991938766810e-01 5.973455136657496167e-01 5.337165646426731413e-01 7.246611736212690280e-01 9.969203500930541584e-02 6.037811827500204620e-01 4.277181162682270887e-01 7.228094519899231907e-01 8.540841350270657328e-02 6.944945421338222236e-01 6.361594631433373781e-01 7.425171983757795635e-01 5.574555918025164702e-01 5.480704065153809701e-01 4.360280373585167513e-01 2.871438825162562214e-01 4.967120204266506356e-01 7.091348399331612873e-01 6.155717468998017639e-01 7.763587409697267350e-02 1.257004498025835471e-01 4.689227353569617174e-01 6.263040141137991013e-01 9.649994778778452076e-02
7.489277975998982484e-01 8.974478163547031095e-02 1.274014290231997026e-01 9.288003006365534719e-02 3.433245298564818193e-01 2.009179658136831526e-01 1.048827054397203778e-01 1.278009198685890746e-01 1.634597964055938546e-01 1.209144979762996619e-01 1.420240085354399218e-01 9.403338898279826885e-02 1.862893192734668135e-01 1.420062094261299590e-01 1.000000000000000000e+00 5.976053048076052088e-01 5.053113769756933937e-02 2.810730529999801997e-01 1.274054200527446334e-01 3.257344708409695144e-01 1.238522311362349054e-01 8.087342042339447368e-02 1.398855247422817749e-01 1.517477076516222656e-01 4.517461178965852947e-02 9.168856632824554098e-02 8.171157127892401950e-02 2.236112370156696783e-01 1.868694411724212967e-01 1.083584465536100994e-01 1.152514238547547309e-01 1.474302359294286380e-01 3.538794524603489089e-01 1.900025185271394246e-01 1.649336976654595388e-01 8.046280651764473046e-02 1.675969561176736677e-01 7.294731296441847590e-02 1.257414791956074918e-01 1.661165761851448042e-01 5.425388023570146268e-02 1.805515186235544245e-01 1.415156328107820827e-01 1.852277007067073544e-01 2.441204704081658960e-01 4.527427521273980071e-02 7.803485219324463040e-02 4.440225483184489508e-01
5.989685095813757076e-01 1.072415238427474327e-01 2.452062600851134810e-01 1.540064840095848320e-01 3.920962913312505682e-01 2.287183808868681889e-01 2.121591724261439327e-01 3.209837025420532730e-01 2.101897102856942201e-01 2.846943607172252033e-01 2.001881047961370230e-01 1.897252212569127128e-01 2.270492725630512965e-01 2.459180521598419433e-01 5.976053048076052088e-01 9.999999999999998890e-01 7.757248077299462585e-02 3.867446601280633001e-01 1.798265574220121454e-01 3.490530407915474753e-01 1.971702441073963086e-01 2.147130020867461520e-01 2.059928634634403399e-01 2.766592733883631028e-01 5.401956878900198572e-02 1.577053734805892449e-01 7.292989777076525071e-02 2.901227119612883598e-01 2.972783020498824258e-01 1.753368989220785157e-01 1.863309738306347108e-01 2.547227389305800616e-01 3.436900327206098837e-01 2.497816583157785597e-01 2.551974013369656125e-01 2.140584174273092444e-01 2.803382869094288021e-01 6.724623365279482068e-02 2.210531075758302155e-01 1.978299877963626274e-01 8.993072140000610282e-02 1.889276663712793902e-01 1.712012568945502633e-01 1.478498631619215298e-01 4.009391779026112990e-01 9.972465680306286107e-02 9.941496115075570961e-02 4.838543250465285328e-01
2.814866195632972218e-02 8.822952697690350510e-01 5.605574448947990840e-01 6.132666565243393153e-01 6.077463434040066698e-02 5.209118324097520292e-01 3.899869738872518421e-01 1.383043341585507569e-01 3.002852664341368882e-01 4.010075634170336967e-01 8.145437616716352802e-02 7.310617044435907541e-01 6.338945201792757222e-01 5.893423558761243797e-01 5.053113769756933937e-02 7.757248077299462585e-02 1.000000000000000222e+00 2.526197061697897372e-01 7.603352612600978722e-01 4.534636058584554097e-01 5.348531309027699798e-01 6.340536781850256709e-01 5.174820695576904939e-01 4.976592103247632903e-01 7.690103906173176851e-01 7.344911018400467340e-01 8.652999432077290720e-01 6.374494007401099172e-01 4.244964241048198444e-02 7.288816664646263765e-01 2.200043850508774379e-01 5.011242713148137407e-01 4.631087176278714940e-02 4.736316589158394708e-01 6.075894299934625487e-01 6.341913330574208141e-01 3.132898143195234075e-01 9.350180750429085696e-01 5.845520987538972424e-01 2.905456817079687393e-01 9.197700133120951804e-01 6.622330794059715364e-01 5.494916444858404247e-01 4.555509206624248908e-02 7.165234108111193101e-02 7.950750064043652365e-01 7.301032316626807628e-01 1.883005197943666761e-02
2.382013516581904244e-01 2.804421387325688464e-01 5.769043558306339303e-01 5.145490132578666165e-01 2.624103530525965788e-01 4.635089437018371505e-01 6.433846233315884122e-01 3.580333430509741177e-01 5.577837758272564672e-01 5.669005408185657791e-01 2.781757314549298532e-01 3.602897351847866858e-01 5.385718899830511663e-01 5.864831244746961936e-01 2.810730529999801997e-01 3.867446601280633001e-01 2.526197061697897372e-01 1.000000000000000000e+00 4.701214321648086725e-01 7.485358214185805492e-01 3.947551486292533163e-01 4.233967365279535100e-01 4.957199613371368052e-01 5.814628263902077432e-01 2.113978614049089599e-01 4.188972233847888527e-01 2.119013808684870326e-01 5.557413652364840972e-01 1.294698620439341530e-01 4.425884102449838542e-01 4.258693868584318420e-01 6.806848369769735729e-01 1.307585769168355116e-01 6.428287518747791696e-01 5.878744703150906581e-01 4.231431336165061841e-01 6.006644636686665484e-01 2.304597734995214309e-01 4.887222516431737884e-01 3.148673053949249678e-01 2.819280120636170062e-01 3.749084924984367184e-01 4.770451895769343142e-01 1.022075017178944167e-01 1.938530694267864840e-01 2.489449076360742696e-01 2.927937938146029651e-01 1.599296581359729019e-01
1.122690720881277804e-01 8.027791237265523572e-01 6.371259072056199013e-01 6.286563585839294310e-01 1.164596961724292112e-01 5.689619870341732222e-01 7.288396091968585289e-01 1.806814472851745734e-01 4.636229052336471312e-01 5.802178504532409242e-01 1.566864557122419344e-01 7.232650969743812386e-01 7.507654763678365262e-01 6.430908022302844751e-01 1.274054200527446334e-01 1.798265574220121454e-01 7.603352612600978722e-01 4.701214321648086725e-01 1.000000000000000000e+00 6.373570352152467811e-01 5.925573151583887199e-01 6.421365712474073062e-01 5.904456730882513549e-01 5.629445173343232689e-01 8.472114367975340787e-01 7.538716317330969030e-01 6.052140942840942284e-01 7.606139297329432836e-01 8.144984947716728263e-02 7.616209318114098847e-01 3.804056078983497069e-01 7.244302606210752948e-01 7.292204000910432193e-02 5.737835868107904469e-01 7.270546474710407603e-01 6.423217048148862629e-01 4.684615478827382495e-01 7.137980369189610430e-01 6.398736910853467519e-01 2.944483008391289847e-01 7.821465773464684190e-01 7.284391582782506758e-01 7.984058918322533005e-01 4.836990912815991583e-02 7.135305095253480223e-02 7.182744433117177474e-01 6.157206119900217045e-01 6.117966627177634509e-02
2.683894586157480888e-01 4.945780283432836266e-01 6.759222805428050096e-01 6.427891441709605580e-01 2.712183733005484876e-01 5.654554493631236411e-01 6.589799262528233115e-01 1.842021059857299747e-01 6.366181250175462214e-01 5.103265627425793705e-01 3.823548894506123563e-01 4.188434092294494593e-01 7.096042767451592459e-01 6.549559110277921592e-01 3.257344708409695144e-01 3.490530407915474753e-01 4.534636058584554097e-01 7.485358214185805492e-01 6.373570352152467811e-01 1.000000000000000000e+00 4.869817900013471146e-01 6.081259811296865214e-01 4.773624124727626206e-01 6.183181244190598669e-01 4.455391293714747736e-01 5.440601003784210077e-01 3.707076546451664179e-01 6.845665300727492575e-01 1.405547169919081074e-01 5.568702398402408660e-01 5.292509287726812062e-01 8.143179295672972051e-01 1.213075591293149985e-01 7.152328337896202148e-01 6.352220817616162085e-01 6.079319713698291272e-01 6.664084921588131483e-01 4.205460061882844158e-01 5.027900752795015915e-01 3.555006985144975040e-01 4.909896800384251914e-01 5.280345482995125739e-01 6.037803572926091489e-01 1.124697645299149867e-01 1.709556856135769354e-01 4.635600442240343511e-01 4.616759360001452261e-01 1.948431711852358639e-01
1.223463736384112072e-01 5.560608793713260889e-01 5.824889897398740635e-01 5.808485992275270737e-01 1.915008584597780172e-01 4.387862163162997708e-01 4.216377113376011398e-01 1.682828011175210026e-01 4.506183235916503826e-01 4.439032525890110881e-01 2.189854518816929663e-01 5.102778968089616285e-01 5.836028217232703819e-01 4.833189861970065837e-01 1.238522311362349054e-01 1.971702441073963086e-01 5.348531309027699798e-01 3.947551486292533163e-01 5.925573151583887199e-01 4.869817900013471146e-01 9.999999999999997780e-01 5.487151018533109603e-01 4.041908609256450458e-01 5.814040205373653958e-01 4.606467700168755952e-01 6.434673989690878892e-01 5.039177127886516061e-01 5.350229972333576667e-01 3.364919660190987538e-02 6.474684778533430496e-01 3.865998816718950182e-01 5.700633553093034100e-01 6.396359977362214844e-02 6.138293563649858120e-01 5.325364110550819818e-01 5.488050665047531362e-01 6.899939673013053554e-01 5.534768953654783941e-01 4.773524989209153579e-01 2.778032217698138129e-01 5.657003061137302335e-01 4.534141132625518766e-01 4.844856192726622601e-01 6.012112889863158866e-02 1.199906581820693457e-01 5.059880910140432952e-01 4.417437245265873891e-01 5.882571229638764582e-02
8.090702468471853981e-02 6.603088951308454524e-01 7.989250694997667157e-01 8.126136251000890542e-01 1.314869790157782992e-01 7.020402140865196206e-01 4.732522368181217853e-01 1.253342724268644848e-01 4.676918066292750087e-01 4.478443111561574708e-01 2.497845694833389640e-01 5.767056552112316270e-01 7.753353520395028786e-01 7.430578916050061267e-01 8.087342042339447368e-02 2.147130020867461520e-01 6.340536781850256709e-01 4.233967365279535100e-01 6.421365712474073062e-01 6.081259811296865214e-01 5.487151018533109603e-01 1.000000000000000000e+00 6.476355808104319323e-01 6.203735653625019886e-01 5.518350314861641959e-01 6.941025628963377603e-01 5.161429787300508831e-01 6.535702420793070289e-01 8.969447969803302778e-02 6.888615489243323786e-01 4.625569706713671403e-01 6.322418626304832090e-01 4.632042711405408991e-02 6.547222332891561303e-01 6.219378770364570874e-01 9.999840654414196006e-01 5.156179521273334121e-01 5.970331847478399512e-01 4.516822739384537266e-01 3.202969600966901753e-01 6.586521458254369632e-01 6.472738640034949587e-01 5.132856929970658344e-01 4.731129174173464430e-02 1.299717626863442221e-01 5.999009460005945149e-01 7.374788190875807281e-01 7.343224645240076232e-02
1.331019153850726278e-01 5.285024514067062640e-01 7.281086152582662008e-01 6.248774698026987595e-01 1.092697949944335251e-01 6.418793757732309535e-01 6.099971595637212474e-01 3.977490568308874597e-01 3.163339870322403047e-01 6.759981902704669254e-01 1.317947189604811442e-01 5.640975344863460306e-01 6.066454851318873187e-01 7.577489550593472512e-01 1.398855247422817749e-01 2.059928634634403399e-01 5.174820695576904939e-01 4.957199613371368052e-01 5.904456730882513549e-01 4.773624124727626206e-01 4.041908609256450458e-01 6.476355808104319323e-01 1.000000000000000000e+00 5.908740105904727313e-01 4.256933908043707415e-01 5.577501642154986117e-01 4.363673845933789264e-01 5.087076959251654040e-01 7.934217485060521269e-02 5.558821973872292155e-01 2.129683922136957064e-01 5.507661494119518997e-01 7.417911293833333308e-02 5.413020284743279564e-01 6.536128006711776628e-01 6.472899871459014687e-01 3.750847012334574404e-01 4.942795940322277093e-01 4.255089630028763281e-01 2.430821599175934655e-01 5.458472217714663843e-01 5.915944999045735786e-01 4.789932418269415848e-01 4.758799943115039205e-02 1.509944306392680680e-01 4.665534953280616182e-01 6.928246914464485373e-01 8.617644279451988631e-02
1.133107145860052373e-01 5.008639024451401189e-01 8.008925862678311081e-01 6.617497484432635080e-01 1.831675139483125714e-01 5.127922117430478988e-01 5.493433225658366226e-01 4.322173014825000936e-01 7.209842376355688476e-01 7.308333109582868525e-01 2.812986414598079299e-01 5.614261928387891398e-01 6.710438319504121729e-01 6.412140937529051676e-01 1.517477076516222656e-01 2.766592733883631028e-01 4.976592103247632903e-01 5.814628263902077432e-01 5.629445173343232689e-01 6.183181244190598669e-01 5.814040205373653958e-01 6.203735653625019886e-01 5.908740105904727313e-01 1.000000000000000000e+00 3.783102938684433370e-01 6.633579007120090631e-01 4.306587811690541501e-01 5.467259070996953740e-01 5.012824614731462014e-02 6.701905229778982731e-01 5.190705232762506949e-01 7.347636029173196803e-01 1.352360977222405169e-01 7.073579750643492758e-01 7.780802419321156682e-01 6.202270086130451388e-01 7.180034239596836398e-01 4.716253608117659812e-01 4.458522601339929836e-01 3.726295176078602278e-01 5.454079110127634245e-01 4.745435223780338219e-01 5.097851519846856583e-01 5.552290499529340118e-02 1.795844851130901088e-01 4.606494371303481161e-01 4.354894918945827476e-01 7.251695156792381525e-02
2.455377329479659435e-02 8.141001703867564165e-01 4.833158752735790542e-01 4.907191549136492026e-01 6.601308125724117404e-02 4.691107861043650185e-01 5.093139939410900041e-01 4.191067618678269435e-02 3.645996907672325871e-01 3.249934473353285336e-01 5.386218274611049434e-02 6.707220248495461279e-01 6.451152450763638635e-01 5.023691991938766810e-01 4.517461178965852947e-02 5.401956878900198572e-02 7.690103906173176851e-01 2.113978614049089599e-01 8.472114367975340787e-01 4.455391293714747736e-01 4.606467700168755952e-01 5.518350314861641959e-01 4.256933908043707415e-01 3.783102938684433370e-01 1.000000000000000000e+00 6.621622113455832848e-01 5.803166397274480692e-01 6.879821908487744331e-01 3.502683959278573428e-02 6.503478982115290519e-01 2.022696625253095626e-01 5.637560630377389526e-01 3.292730762306678161e-02 4.138024030505991213e-01 5.352365546069157709e-01 5.520021543582528389e-01 2.652933267593008959e-01 7.200019515252968905e-01 5.279554557327381659e-01 2.065341386399720813e-01 7.790945370540457438e-01 7.649073466776185048e-01 7.496668135481743267e-01 4.082850069411454730e-02 1.813905734137009895e-02 7.268004980716862296e-01 6.237093858515017075e-01 1.106718079018898654e-02
6.313794775104389356e-02 7.566087572156224850e-01 7.053495339270662301e-01 6.821759218823976179e-01 1.095452544566379721e-01 6.084973809547098433e-01 5.227468290902611558e-01 2.856668315220709520e-01 4.954027233839212729e-01 5.423679813079730350e-01 1.998791818873903170e-01 8.748409452074467074e-01 6.898717477064151282e-01 5.973455136657496167e-01 9.168856632824554098e-02 1.577053734805892449e-01 7.344911018400467340e-01 4.188972233847888527e-01 7.538716317330969030e-01 5.440601003784210077e-01 6.434673989690878892e-01 6.941025628963377603e-01 5.577501642154986117e-01 6.633579007120090631e-01 6.621622113455832848e-01 1.000000000000000000e+00 7.156543549614599042e-01 5.958796831631978375e-01 3.630723439615125142e-02 9.911622556536594519e-01 4.125248093450656350e-01 6.512084773259105841e-01 6.901006313329302588e-02 6.253608509841888097e-01 6.593252457139401335e-01 6.944218145533198605e-01 4.844276134688705326e-01 7.902301722936778683e-01 6.286601576234776001e-01 2.948429453062218486e-01 7.552456661889593859e-01 5.740850008429377871e-01 6.153590295517292752e-01 5.332484186793672726e-02 1.589380214560810745e-01 6.795480321900273513e-01 6.126951855505571309e-01 3.025941092563931567e-02
3.984135333880895607e-02 6.859077897084349118e-01 4.641327451940335802e-01 5.307746676853778434e-01 5.384056344678637279e-02 4.201986606314229156e-01 3.048496774019310851e-01 1.353573149599943681e-01 2.462621727802243865e-01 3.322554320010442930e-01 8.225945772796805500e-02 5.770728981144636061e-01 5.172226073162913274e-01 5.337165646426731413e-01 8.171157127892401950e-02 7.292989777076525071e-02 8.652999432077290720e-01 2.119013808684870326e-01 6.052140942840942284e-01 3.707076546451664179e-01 5.039177127886516061e-01 5.161429787300508831e-01 4.363673845933789264e-01 4.306587811690541501e-01 5.803166397274480692e-01 7.156543549614599042e-01 9.999999999999998890e-01 5.403637952952691226e-01 3.672193073473765945e-02 7.071643564323095710e-01 1.964992769030168007e-01 4.098868228407949732e-01 4.506640404103632452e-02 4.391068971349925687e-01 4.809111227357046880e-01 5.161701285373629933e-01 2.716249275622182324e-01 9.670148300811916009e-01 4.533467888548556313e-01 2.058368863538401483e-01 7.436479525383646871e-01 5.578241122156709642e-01 4.850174941347351609e-01 3.672553902235570211e-02 1.548177527860929714e-01 6.058354046535278092e-01 5.870963323470235196e-01 1.201739904624084254e-02
2.305071443239351814e-01 6.254045133230664577e-01 6.881456122447082713e-01 6.593077926769905783e-01 2.433873637946325774e-01 6.090982413753381897e-01 5.933241130973700983e-01 1.812493961980957968e-01 5.251524481406346645e-01 4.707133788201686153e-01 2.249841153867234989e-01 5.192590463633305342e-01 7.958287913731179053e-01 7.246611736212690280e-01 2.236112370156696783e-01 2.901227119612883598e-01 6.374494007401099172e-01 5.557413652364840972e-01 7.606139297329432836e-01 6.845665300727492575e-01 5.350229972333576667e-01 6.535702420793070289e-01 5.087076959251654040e-01 5.467259070996953740e-01 6.879821908487744331e-01 5.958796831631978375e-01 5.403637952952691226e-01 1.000000000000000222e+00 1.619186786082023599e-01 6.104040982877266819e-01 4.775979501951704842e-01 7.064605078366853474e-01 1.073811895306470698e-01 6.615890544327727163e-01 6.282866061216306752e-01 6.533134082170668488e-01 5.552504152460966402e-01 5.907647480894709924e-01 5.596599416126597504e-01 3.089193392299190433e-01 5.918261522308200240e-01 7.569217814840732972e-01 7.613825346793536841e-01 6.121785245146479926e-02 1.421730150787178792e-01 5.418468491254500030e-01 5.918467852097980542e-01 1.223629974135167914e-01
2.303952080639033451e-01 4.727946819168184905e-02 6.418031147767699895e-02 8.378567000795587860e-02 2.770089520871327204e-01 5.880560658338505886e-02 1.019715413931627929e-01 1.181530069849318076e-01 8.317485791227194336e-02 1.043055068612316616e-01 1.112282817998770795e-01 3.353366143790110360e-02 7.247506760721053598e-02 9.969203500930541584e-02 1.868694411724212967e-01 2.972783020498824258e-01 4.244964241048198444e-02 1.294698620439341530e-01 8.144984947716728263e-02 1.405547169919081074e-01 3.364919660190987538e-02 8.969447969803302778e-02 7.934217485060521269e-02 5.012824614731462014e-02 3.502683959278573428e-02 3.630723439615125142e-02 3.672193073473765945e-02 1.619186786082023599e-01 1.000000000000000222e+00 4.091649515588472591e-02 1.129906008473295642e-01 6.456946260843733632e-02 1.076608942789418211e-01 7.621433523452336711e-02 9.200558827856168687e-02 8.941756379104405517e-02 1.072555679763486786e-01 4.457999642946511992e-02 8.476784766178667441e-02 1.192396828641017065e-01 6.639102517119867264e-02 6.850572810585189854e-02 8.076498218083222325e-02 8.900116867552709810e-02 2.259749728378487310e-01 4.397452029168685828e-02 6.255527611160349721e-02 1.404164182347869827e-01
8.014232951484485945e-02 7.549183973069688580e-01 7.079061051719595099e-01 6.803716011708479394e-01 1.221111649725827031e-01 6.087764787400609112e-01 5.363632731619597527e-01 2.925589629111074452e-01 4.906553348009084492e-01 5.471612114826710505e-01 2.016503577286643811e-01 8.707453163393163997e-01 7.022778027165210712e-01 6.037811827500204620e-01 1.083584465536100994e-01 1.753368989220785157e-01 7.288816664646263765e-01 4.425884102449838542e-01 7.616209318114098847e-01 5.568702398402408660e-01 6.474684778533430496e-01 6.888615489243323786e-01 5.558821973872292155e-01 6.701905229778982731e-01 6.503478982115290519e-01 9.911622556536594519e-01 7.071643564323095710e-01 6.104040982877266819e-01 4.091649515588472591e-02 1.000000000000000000e+00 4.250730131233798059e-01 6.504274104853966509e-01 8.119255033299720148e-02 6.375522609849394451e-01 6.714768852106636210e-01 6.891261355800768484e-01 4.986965322170643367e-01 7.812927095457659066e-01 6.442980160367244302e-01 3.153616232829298816e-01 7.524427681172854987e-01 5.699181623104949690e-01 6.158678687152059350e-01 5.216851507872114629e-02 1.601842232500833296e-01 6.802415422881978868e-01 6.082805129101049868e-01 4.291251615821017884e-02
1.565190595528858641e-01 2.437176866770574546e-01 5.788901597714530833e-01 6.094617572745744116e-01 1.373034744137309748e-01 3.790865549642157828e-01 4.178650292419539558e-01 1.237106697656473464e-01 5.316330172416822153e-01 3.822468023724384656e-01 3.586885413630512276e-01 2.160104076266449458e-01 6.176564731014765330e-01 4.277181162682270887e-01 1.152514238547547309e-01 1.863309738306347108e-01 2.200043850508774379e-01 4.258693868584318420e-01 3.804056078983497069e-01 5.292509287726812062e-01 3.865998816718950182e-01 4.625569706713671403e-01 2.129683922136957064e-01 5.190705232762506949e-01 2.022696625253095626e-01 4.125248093450656350e-01 1.964992769030168007e-01 4.775979501951704842e-01 1.129906008473295642e-01 4.250730131233798059e-01 1.000000000000000222e+00 5.901204819967235116e-01 5.763141953601017692e-02 5.608592547811026563e-01 3.632344463148111657e-01 4.625881444513723073e-01 5.608528307035306470e-01 2.068911812347891954e-01 1.978189731790443995e-01 3.209962838059526313e-01 2.642326775558963003e-01 3.576865108685893802e-01 4.845249326320567040e-01 4.579167991333150250e-02 1.476510884196964579e-01 3.294645162314422948e-01 2.226301792269744229e-01 7.837531977598594102e-02
1.509270922105738766e-01 5.434755965444625359e-01 7.705015644434383137e-01 6.981616320147551180e-01 2.208234791747602510e-01 5.626814707965058782e-01 7.676058179865163922e-01 2.281794578356564074e-01 7.187305895726280314e-01 6.572770953948930961e-01 3.077887575397028064e-01 5.004180299178870861e-01 7.854711029617316154e-01 7.228094519899231907e-01 1.474302359294286380e-01 2.547227389305800616e-01 5.011242713148137407e-01 6.806848369769735729e-01 7.244302606210752948e-01 8.143179295672972051e-01 5.700633553093034100e-01 6.322418626304832090e-01 5.507661494119518997e-01 7.347636029173196803e-01 5.637560630377389526e-01 6.512084773259105841e-01 4.098868228407949732e-01 7.064605078366853474e-01 6.456946260843733632e-02 6.504274104853966509e-01 5.901204819967235116e-01 1.000000000000000000e+00 1.016419169030225444e-01 7.836342877303281718e-01 6.915780641208137958e-01 6.322794169372327744e-01 7.526547635093914224e-01 4.707975232081428874e-01 5.111899858955001319e-01 3.391466853501675094e-01 5.313919362922780998e-01 6.073883243281363864e-01 7.427415179612304463e-01 5.116803835250029187e-02 1.547741025920137958e-01 4.885798697733138019e-01 4.594418905983337909e-01 7.403741718093335977e-02
3.494420757693571522e-01 6.235379307942021110e-02 9.144444336835789999e-02 5.147847363706915813e-02 2.378545159081975058e-01 8.226975262224293928e-02 6.677810923067072080e-02 1.345840105391608033e-01 1.014082535278279795e-01 1.058436123220317382e-01 1.129957579763223585e-01 7.379462117780874464e-02 1.005110497089814620e-01 8.540841350270657328e-02 3.538794524603489089e-01 3.436900327206098837e-01 4.631087176278714940e-02 1.307585769168355116e-01 7.292204000910432193e-02 1.213075591293149985e-01 6.396359977362214844e-02 4.632042711405408991e-02 7.417911293833333308e-02 1.352360977222405169e-01 3.292730762306678161e-02 6.901006313329302588e-02 4.506640404103632452e-02 1.073811895306470698e-01 1.076608942789418211e-01 8.119255033299720148e-02 5.763141953601017692e-02 1.016419169030225444e-01 9.999999999999998890e-01 1.268460352095654720e-01 1.050938638232223055e-01 4.568171288309387512e-02 9.908683465428888559e-02 4.378660994834998599e-02 7.612052267930961846e-02 9.633409261364997422e-02 5.598449360465280328e-02 6.409301808701395320e-02 6.792924890036725061e-02 1.781437909667835107e-01 1.087852869207685536e-01 3.626827167427059545e-02 4.650216462930072125e-02 2.769029406145099292e-01
