1.000000000000000000e+00 2.801512790536358488e-01 7.291522634196178076e-01 2.948566488896370297e-01 3.129872744703235399e-01 2.782983566949097098e-01 3.213228930099754632e-01 6.018112628759276772e-01 3.914709967181129180e-01 2.676581124803764089e-01 2.325749417185613843e-01 2.953675690902209938e-01 3.547623851677319529e-01 2.433291648476291480e-01 2.399606762079924127e-01 2.977103382822157696e-01 2.722103063232311215e-01 3.441756514924342869e-01 3.739343781921702359e-01 2.901425544087451458e-01 3.078741983842467334e-01 2.571534196111079917e-01 3.886943499878566244e-01 5.513349359040135012e-01 5.911330425708012370e-01 2.894535616808922018e-01 1.906477348036465791e-01 3.921089836807329365e-01 2.823946232357694708e-01
2.801512790536358488e-01 9.999999999999998890e-01 2.952497717361113883e-01 5.545381856005739962e-01 5.536101376205292413e-01 5.419683236360036682e-01 6.947695879255096907e-01 3.173684906454914967e-01 5.694195538371099596e-01 4.799415198825905948e-01 2.767087242023059668e-01 2.720667374663148785e-01 2.257078119774817704e-01 6.319743190183406689e-01 1.910377787415194206e-01 2.759575122087087329e-01 6.207066687804619898e-01 7.066013960512537162e-01 7.491394232862464975e-01 4.601255665249242011e-01 3.813839872109832663e-01 5.957433288266927862e-01 2.157461756217750604e-01 1.675539298960690704e-01 2.662374716004849429e-01 6.312874384113474902e-01 4.475114436135980700e-01 6.761102210391897183e-01 3.095596850147177004e-01
7.291522634196178076e-01 2.952497717361113883e-01 9.999999999999997780e-01 2.715024298203402298e-01 3.401780235190798862e-01 2.659309890304332180e-01 3.783666674969021204e-01 6.250606833410358165e-01 3.845108622298432643e-01 2.828069502478224306e-01 2.365394462474811055e-01 2.842405802353885069e-01 2.602342470779122618e-01 2.630796425047777776e-01 2.558227717126841938e-01 3.055789725462412232e-01 3.206034579157208686e-01 3.003744930604687613e-01 3.520689743120508086e-01 2.920196904970014384e-01 3.269415370244935781e-01 2.835986853749880021e-01 3.813677807065162240e-01 4.931007703568025535e-01 5.391777356817057942e-01 3.572223766963150693e-01 1.821132163649687441e-01 3.943336754980937831e-01 2.816759558144892872e-01
2.948566488896370297e-01 5.545381856005739962e-01 2.715024298203402298e-01 1.000000000000000000e+00 4.625267577531521623e-01 5.485244724197533284e-01 3.925324611038525369e-01 3.327448591695043034e-01 4.854307353038541106e-01 4.903116932000730621e-01 2.881954889575951140e-01 4.425000532716670265e-01 1.379866061592459336e-01 4.632811210409578107e-01 1.334350499224842002e-01 2.264382679542056853e-01 4.870632075727170385e-01 4.912884536523666745e-01 5.846550154547441869e-01 3.110938124351503298e-01 4.333725501828462612e-01 5.188478693258489205e-01 2.260178293349639211e-01 1.768161342124295876e-01 2.679911031588298465e-01 3.705266236790296652e-01 4.406214162789177102e-01 6.068524514402440229e-01 3.797704296509007982e-01
3.129872744703235399e-01 5.536101376205292413e-01 3.401780235190798862e-01 4.625267577531521623e-01 1.000000000000000000e+00 4.422931082941655712e-01 5.668050294034505665e-01 3.544949150213288491e-01 6.331927031442040610e-01 5.137633647265946735e-01 3.997605742256747918e-01 2.920453534189035860e-01 2.135348834460561729e-01 4.440862892800360173e-01 1.423384361330449210e-01 3.243012162016703503e-01 7.329940894623763192e-01 5.707184522421216988e-01 6.226331586727039680e-01 5.333772852897235017e-01 4.551403204741836794e-01 5.735267665769532286e-01 2.946036621483420492e-01 2.084297019355356162e-01 2.545066318228739743e-01 5.870313540209930459e-01 3.156042493999021703e-01 7.098595171922251756e-01 3.187181747889038519e-01
2.782983566949097098e-01 5.419683236360036682e-01 2.659309890304332180e-01 5.485244724197533284e-01 4.422931082941655712e-01 9.999999999999997780e-01 4.021918285276657734e-01 3.395643163233079131e-01 5.608926235053767195e-01 4.891607167754027929e-01 2.725998386296234477e-01 3.231240914264352782e-01 1.472570611374452443e-01 5.317105193627030824e-01 1.302235832880025979e-01 2.158056014493913988e-01 4.555493657259671036e-01 5.000923094366301891e-01 5.519194848994002367e-01 4.387806030628675913e-01 5.256667707763283959e-01 4.490424596582183736e-01 2.149076260201024102e-01 1.475557763795085076e-01 2.595521263902342279e-01 3.841301825532250636e-01 3.453231177791748485e-01 7.057557897245690937e-01 4.011684380981437870e-01
3.213228930099754632e-01 6.947695879255096907e-01 3.783666674969021204e-01 3.925324611038525369e-01 5.668050294034505665e-01 4.021918285276657734e-01 9.999999999999998890e-01 3.471339733623469148e-01 5.867154282025881518e-01 5.010249004030005171e-01 2.257677756477769748e-01 2.324972313882910091e-01 1.548656748629240743e-01 5.461294196853160310e-01 1.302828022652504081e-01 2.549862308987891901e-01 4.445437527359137886e-01 5.870606307173144023e-01 6.953359999552710669e-01 4.483624111379476140e-01 2.769368496305229521e-01 5.571574558355653073e-01 1.773824146151288250e-01 2.111909428513371878e-01 2.828267192778379235e-01 8.476348005872861302e-01 3.280461116403173838e-01 6.381430569315883483e-01 2.002530128931546693e-01
6.018112628759276772e-01 3.173684906454914967e-01 6.250606833410358165e-01 3.327448591695043034e-01 3.544949150213288491e-01 3.395643163233079131e-01 3.471339733623469148e-01 9.999999999999997780e-01 4.733296397532472111e-01 3.271403821352696362e-01 2.526574401839187800e-01 2.520733124461661534e-01 2.117403013135552570e-01 2.442649409315274522e-01 2.560912168676613421e-01 2.826694087607703465e-01 3.334947309096416013e-01 2.763704371203632437e-01 3.227566497948580748e-01 3.395581527953904222e-01 4.221477788115045593e-01 2.617684055282136213e-01 3.475527714358559450e-01 5.572593674066436131e-01 6.851886021882062083e-01 2.730162035351588190e-01 2.297784225452516316e-01 4.215068086085341781e-01 3.638748809126788331e-01
3.914709967181129180e-01 5.694195538371099596e-01 3.845108622298432643e-01 4.854307353038541106e-01 6.331927031442040610e-01 5.608926235053767195e-01 5.867154282025881518e-01 4.733296397532472111e-01 1.000000000000000000e+00 5.782571293877332153e-01 3.215886082028441284e-01 3.988137131477575981e-01 2.244205902546420606e-01 4.709424052494871615e-01 2.014122724478454030e-01 3.608162859426781166e-01 6.102871035777559516e-01 5.499419766908485441e-01 5.833061360960085651e-01 6.708239220160566729e-01 6.629470910411020546e-01 5.849628412856616722e-01 3.392981193490848257e-01 2.174970110627547637e-01 3.551825815794824037e-01 5.370358157323767978e-01 3.295009654339265959e-01 7.605528961165602952e-01 5.034667222922165619e-01
2.676581124803764089e-01 4.799415198825905948e-01 2.828069502478224306e-01 4.903116932000730621e-01 5.137633647265946735e-01 4.891607167754027929e-01 5.010249004030005171e-01 3.271403821352696362e-01 5.782571293877332153e-01 9.999999999999997780e-01 3.208517664277356629e-01 3.864856629591876258e-01 8.490212058635156211e-02 5.148586302513245005e-01 1.159570697185624277e-01 3.254107922107221662e-01 5.178118591783372748e-01 5.020167782461415484e-01 4.667379451362444476e-01 4.777151214343410834e-01 5.160752052710543269e-01 5.862147453236900008e-01 1.861656393562216294e-01 1.567282382083098613e-01 1.798581905313279550e-01 4.057558305842201563e-01 3.181246043138667989e-01 7.202946926054457633e-01 3.751225797857018485e-01
2.325749417185613843e-01 2.767087242023059668e-01 2.365394462474811055e-01 2.881954889575951140e-01 3.997605742256747918e-01 2.725998386296234477e-01 2.257677756477769748e-01 2.526574401839187800e-01 3.215886082028441284e-01 3.208517664277356629e-01 1.000000000000000222e+00 3.930843987467385614e-01 2.133985325162810476e-01 3.066888488856801542e-01 1.329452965139538700e-01 1.613878197434867601e-01 3.215860493806446119e-01 2.478634157236197788e-01 3.810433321032909437e-01 3.228417905571848157e-01 2.764277076874948613e-01 2.502839322013479251e-01 2.618243068338112489e-01 1.611788848491865767e-01 2.600222941634489082e-01 1.862359325088217832e-01 2.249331020502973733e-01 4.090785280609163244e-01 2.355806853448022542e-01
2.953675690902209938e-01 2.720667374663148785e-01 2.842405802353885069e-01 4.425000532716670265e-01 2.920453534189035860e-01 3.231240914264352782e-01 2.324972313882910091e-01 2.520733124461661534e-01 3.988137131477575981e-01 3.864856629591876258e-01 3.930843987467385614e-01 9.999999999999998890e-01 1.660351705212280149e-01 3.724982926019116958e-01 1.554338834015560056e-01 3.072283689662129169e-01 2.982228846193130112e-01 2.847939335682018180e-01 3.399841710451794730e-01 2.819195338622654812e-01 4.425053306516029128e-01 3.309981699832433288e-01 3.430828056375511692e-01 1.774651312010816495e-01 3.025952534777975322e-01 2.090276859924476149e-01 2.657092097044302381e-01 4.706219141471581491e-01 4.198386334622569160e-01
3.547623851677319529e-01 2.257078119774817704e-01 2.602342470779122618e-01 1.379866061592459336e-01 2.135348834460561729e-01 1.472570611374452443e-01 1.548656748629240743e-01 2.117403013135552570e-01 2.244205902546420606e-01 8.490212058635156211e-02 2.133985325162810476e-01 1.660351705212280149e-01 1.000000000000000222e+00 1.226192359419195216e-01 1.498144854846689134e-01 2.008720711656695745e-01 2.490515697642562420e-01 2.288135711711438147e-01 1.809315355680850002e-01 1.728101801976061891e-01 1.874384088230959255e-01 1.271130488291249971e-01 3.093848623257517971e-01 2.084121838547843830e-01 3.235032101332657173e-01 1.389752635725729490e-01 1.047130881379714773e-01 2.116796748846028475e-01 1.898677526510110236e-01
2.433291648476291480e-01 6.319743190183406689e-01 2.630796425047777776e-01 4.632811210409578107e-01 4.440862892800360173e-01 5.317105193627030824e-01 5.461294196853160310e-01 2.442649409315274522e-01 4.709424052494871615e-01 5.148586302513245005e-01 3.066888488856801542e-01 3.724982926019116958e-01 1.226192359419195216e-01 1.000000000000000222e+00 1.218725062591103220e-01 1.419066088620309918e-01 3.702254980727933686e-01 6.410069565060977359e-01 6.035054990860890811e-01 4.624923794618806538e-01 3.589263004227081777e-01 5.551442301241695798e-01 1.216697682267209452e-01 1.403643788660980107e-01 2.495990746850134667e-01 5.684716220169505618e-01 3.173688669008508656e-01 6.347078162755216413e-01 2.457774852924521358e-01
2.399606762079924127e-01 1.910377787415194206e-01 2.558227717126841938e-01 1.334350499224842002e-01 1.423384361330449210e-01 1.302235832880025979e-01 1.302828022652504081e-01 2.560912168676613421e-01 2.014122724478454030e-01 1.159570697185624277e-01 1.329452965139538700e-01 1.554338834015560056e-01 1.498144854846689134e-01 1.218725062591103220e-01 1.000000000000000000e+00 1.550560671237145860e-01 1.645451740535707197e-01 1.211013922732032955e-01 1.809846440444413118e-01 1.597514921552376788e-01 2.347725728782309174e-01 1.147432333707937568e-01 2.297446405566287986e-01 2.291806282488040303e-01 2.592245328011577588e-01 1.190012445414299069e-01 5.757591832526494369e-02 2.096449544927490305e-01 2.381642723247471838e-01
2.977103382822157696e-01 2.759575122087087329e-01 3.055789725462412232e-01 2.264382679542056853e-01 3.243012162016703503e-01 2.158056014493913988e-01 2.549862308987891901e-01 2.826694087607703465e-01 3.608162859426781166e-01 3.254107922107221662e-01 1.613878197434867601e-01 3.072283689662129169e-01 2.008720711656695745e-01 1.419066088620309918e-01 1.550560671237145860e-01 1.000000000000000000e+00 3.707720504573131515e-01 3.968992866305535716e-01 2.950246862704521411e-01 2.343762511916023528e-01 2.361116404808595304e-01 2.130457305970046566e-01 4.357625223153098193e-01 2.144101559358550235e-01 2.983590032410713966e-01 2.450581858536502455e-01 1.876229235615571589e-01 3.499503059507567126e-01 3.170974934091970732e-01
2.722103063232311215e-01 6.207066687804619898e-01 3.206034579157208686e-01 4.870632075727170385e-01 7.329940894623763192e-01 4.555493657259671036e-01 4.445437527359137886e-01 3.334947309096416013e-01 6.102871035777559516e-01 5.178118591783372748e-01 3.215860493806446119e-01 2.982228846193130112e-01 2.490515697642562420e-01 3.702254980727933686e-01 1.645451740535707197e-01 3.707720504573131515e-01 1.000000000000000000e+00 5.051018481057889531e-01 5.051096156173028318e-01 4.329090449691747056e-01 4.520202193918233524e-01 4.738744033363097574e-01 2.843659940993022439e-01 1.823032975035595027e-01 2.487931989995775250e-01 4.047731805307750452e-01 2.326110938276216566e-01 6.003499034079108343e-01 3.439597708523690067e-01
3.441756514924342869e-01 7.066013960512537162e-01 3.003744930604687613e-01 4.912884536523666745e-01 5.707184522421216988e-01 5.000923094366301891e-01 5.870606307173144023e-01 2.763704371203632437e-01 5.499419766908485441e-01 5.020167782461415484e-01 2.478634157236197788e-01 2.847939335682018180e-01 2.288135711711438147e-01 6.410069565060977359e-01 1.211013922732032955e-01 3.968992866305535716e-01 5.051018481057889531e-01 1.000000000000000222e+00 7.023744795449877731e-01 4.778116893419350752e-01 3.377787034846842507e-01 5.812193846911227757e-01 2.420901598065298976e-01 1.722102854788649662e-01 2.720522103424620752e-01 5.906512369561036646e-01 3.803110577198989262e-01 6.519984261181483998e-01 2.872919553283646010e-01
3.739343781921702359e-01 7.491394232862464975e-01 3.520689743120508086e-01 5.846550154547441869e-01 6.226331586727039680e-01 5.519194848994002367e-01 6.953359999552710669e-01 3.227566497948580748e-01 5.833061360960085651e-01 4.667379451362444476e-01 3.810433321032909437e-01 3.399841710451794730e-01 1.809315355680850002e-01 6.035054990860890811e-01 1.809846440444413118e-01 2.950246862704521411e-01 5.051096156173028318e-01 7.023744795449877731e-01 1.000000000000000000e+00 4.606303030190338488e-01 4.006962456080586099e-01 6.221633831246663471e-01 2.903201195722375783e-01 2.011298427300080849e-01 2.645340200686595034e-01 7.225971192120363984e-01 4.133440434108863193e-01 7.078485564670462526e-01 3.514605726181838086e-01
2.901425544087451458e-01 4.601255665249242011e-01 2.920196904970014384e-01 3.110938124351503298e-01 5.333772852897235017e-01 4.387806030628675913e-01 4.483624111379476140e-01 3.395581527953904222e-01 6.708239220160566729e-01 4.777151214343410834e-01 3.228417905571848157e-01 2.819195338622654812e-01 1.728101801976061891e-01 4.624923794618806538e-01 1.597514921552376788e-01 2.343762511916023528e-01 4.329090449691747056e-01 4.778116893419350752e-01 4.606303030190338488e-01 1.000000000000000222e+00 4.128165406991233244e-01 4.786954610697449763e-01 2.013843563900866163e-01 1.630633398403032452e-01 2.853951454906136775e-01 4.378791248172135275e-01 2.251662768469543385e-01 6.275405789247181509e-01 3.485641250264421842e-01
3.078741983842467334e-01 3.813839872109832663e-01 3.269415370244935781e-01 4.333725501828462612e-01 4.551403204741836794e-01 5.256667707763283959e-01 2.769368496305229521e-01 4.221477788115045593e-01 6.629470910411020546e-01 5.160752052710543269e-01 2.764277076874948613e-01 4.425053306516029128e-01 1.874384088230959255e-01 3.589263004227081777e-01 2.347725728782309174e-01 2.361116404808595304e-01 4.520202193918233524e-01 3.377787034846842507e-01 4.006962456080586099e-01 4.128165406991233244e-01 1.000000000000000222e+00 4.209014704175526034e-01 3.126141076933512397e-01 1.626299958239145471e-01 2.579726745826473322e-01 2.363657184233596276e-01 2.610877886275817517e-01 6.043159371309859695e-01 6.195581387506472471e-01
2.571534196111079917e-01 5.957433288266927862e-01 2.835986853749880021e-01 5.188478693258489205e-01 5.735267665769532286e-01 4.490424596582183736e-01 5.571574558355653073e-01 2.617684055282136213e-01 5.849628412856616722e-01 5.862147453236900008e-01 2.502839322013479251e-01 3.309981699832433288e-01 1.271130488291249971e-01 5.551442301241695798e-01 1.147432333707937568e-01 2.130457305970046566e-01 4.738744033363097574e-01 5.812193846911227757e-01 6.221633831246663471e-01 4.786954610697449763e-01 4.209014704175526034e-01 1.000000000000000222e+00 1.740568938373485697e-01 1.443620806902020659e-01 2.043562004629298212e-01 5.534387552931376852e-01 3.130282442328751191e-01 6.925404886445818420e-01 2.583796091938342920e-01
3.886943499878566244e-01 2.157461756217750604e-01 3.813677807065162240e-01 2.260178293349639211e-01 2.946036621483420492e-01 2.149076260201024102e-01 1.773824146151288250e-01 3.475527714358559450e-01 3.392981193490848257e-01 1.861656393562216294e-01 2.618243068338112489e-01 3.430828056375511692e-01 3.093848623257517971e-01 1.216697682267209452e-01 2.297446405566287986e-01 4.357625223153098193e-01 2.843659940993022439e-01 2.420901598065298976e-01 2.903201195722375783e-01 2.013843563900866163e-01 3.126141076933512397e-01 1.740568938373485697e-01 1.000000000000000222e+00 2.448738412179330137e-01 3.448945190808315742e-01 1.497142459163198769e-01 1.539928393787002858e-01 3.511975277530953177e-01 3.563631888696003336e-01
5.513349359040135012e-01 1.675539298960690704e-01 4.931007703568025535e-01 1.768161342124295876e-01 2.084297019355356162e-01 1.475557763795085076e-01 2.111909428513371878e-01 5.572593674066436131e-01 2.174970110627547637e-01 1.567282382083098613e-01 1.611788848491865767e-01 1.774651312010816495e-01 2.084121838547843830e-01 1.403643788660980107e-01 2.291806282488040303e-01 2.144101559358550235e-01 1.823032975035595027e-01 1.722102854788649662e-01 2.011298427300080849e-01 1.630633398403032452e-01 1.626299958239145471e-01 1.443620806902020659e-01 2.448738412179330137e-01 9.999999999999998890e-01 5.719327739528839993e-01 1.749435181579037935e-01 1.290516932410729067e-01 2.457598010721693815e-01 1.366580445637758379e-01
5.911330425708012370e-01 2.662374716004849429e-01 5.391777356817057942e-01 2.679911031588298465e-01 2.545066318228739743e-01 2.595521263902342279e-01 2.828267192778379235e-01 6.851886021882062083e-01 3.551825815794824037e-01 1.798581905313279550e-01 2.600222941634489082e-01 3.025952534777975322e-01 3.235032101332657173e-01 2.495990746850134667e-01 2.592245328011577588e-01 2.983590032410713966e-01 2.487931989995775250e-01 2.720522103424620752e-01 2.645340200686595034e-01 2.853951454906136775e-01 2.579726745826473322e-01 2.043562004629298212e-01 3.448945190808315742e-01 5.719327739528839993e-01 1.000000000000000222e+00 2.261947323825478362e-01 2.239781753481648319e-01 3.280153088392938621e-01 2.919698916349504625e-01
2.894535616808922018e-01 6.312874384113474902e-01 3.572223766963150693e-01 3.705266236790296652e-01 5.870313540209930459e-01 3.841301825532250636e-01 8.476348005872861302e-01 2.730162035351588190e-01 5.370358157323767978e-01 4.057558305842201563e-01 1.862359325088217832e-01 2.090276859924476149e-01 1.389752635725729490e-01 5.684716220169505618e-01 1.190012445414299069e-01 2.450581858536502455e-01 4.047731805307750452e-01 5.906512369561036646e-01 7.225971192120363984e-01 4.378791248172135275e-01 2.363657184233596276e-01 5.534387552931376852e-01 1.497142459163198769e-01 1.749435181579037935e-01 2.261947323825478362e-01 9.999999999999998890e-01 3.183254862316927669e-01 5.803301107109319901e-01 1.754211342453892708e-01
1.906477348036465791e-01 4.475114436135980700e-01 1.821132163649687441e-01 4.406214162789177102e-01 3.156042493999021703e-01 3.453231177791748485e-01 3.280461116403173838e-01 2.297784225452516316e-01 3.295009654339265959e-01 3.181246043138667989e-01 2.249331020502973733e-01 2.657092097044302381e-01 1.047130881379714773e-01 3.173688669008508656e-01 5.757591832526494369e-02 1.876229235615571589e-01 2.326110938276216566e-01 3.803110577198989262e-01 4.133440434108863193e-01 2.251662768469543385e-01 2.610877886275817517e-01 3.130282442328751191e-01 1.539928393787002858e-01 1.290516932410729067e-01 2.239781753481648319e-01 3.183254862316927669e-01 9.999999999999998890e-01 4.259479270703045439e-01 2.651573687439021665e-01
3.921089836807329365e-01 6.761102210391897183e-01 3.943336754980937831e-01 6.068524514402440229e-01 7.098595171922251756e-01 7.057557897245690937e-01 6.381430569315883483e-01 4.215068086085341781e-01 7.605528961165602952e-01 7.202946926054457633e-01 4.090785280609163244e-01 4.706219141471581491e-01 2.116796748846028475e-01 6.347078162755216413e-01 2.096449544927490305e-01 3.499503059507567126e-01 6.003499034079108343e-01 6.519984261181483998e-01 7.078485564670462526e-01 6.275405789247181509e-01 6.043159371309859695e-01 6.925404886445818420e-01 3.511975277530953177e-01 2.457598010721693815e-01 3.280153088392938621e-01 5.803301107109319901e-01 4.259479270703045439e-01 9.999999999999997780e-01 4.761618788414239689e-01
2.823946232357694708e-01 3.095596850147177004e-01 2.816759558144892872e-01 3.797704296509007982e-01 3.187181747889038519e-01 4.011684380981437870e-01 2.002530128931546693e-01 3.638748809126788331e-01 5.034667222922165619e-01 3.751225797857018485e-01 2.355806853448022542e-01 4.198386334622569160e-01 1.898677526510110236e-01 2.457774852924521358e-01 2.381642723247471838e-01 3.170974934091970732e-01 3.439597708523690067e-01 2.872919553283646010e-01 3.514605726181838086e-01 3.485641250264421842e-01 6.195581387506472471e-01 2.583796091938342920e-01 3.563631888696003336e-01 1.366580445637758379e-01 2.919698916349504625e-01 1.754211342453892708e-01 2.651573687439021665e-01 4.761618788414239689e-01 9.999999999999997780e-01
