1.000000000000000000e+00 5.401446055785736888e-01 5.100318434719066651e-01 6.744248552098294214e-01 5.489163533240136728e-01 1.735245500976697053e-01 1.443489601472028039e-01 6.393918494534249763e-01 5.260306649267532109e-01 5.533076603448512376e-01 5.517493870353957774e-01 2.728835345958124381e-01 6.218873947137145697e-01 4.396895370649278600e-01 5.410225276647172565e-01 4.678813188728846995e-01 7.223423231378279796e-01 4.407708611758528461e-01 8.713680484329090759e-02 5.412069174973938024e-01 3.597279922269679964e-01 5.297782054610583602e-01 6.960866033037470535e-01 5.323050360670594783e-01 2.085798142754552997e-01 7.511170068379570408e-02 4.636448565544351585e-01 1.042158089121245634e-01 1.475037210196091797e-01 5.419238514280491081e-01 5.754545214631655581e-01 5.546394050237090090e-01 1.524712325254967971e-01 1.454663315647391486e-01 2.349524576237835838e-01 4.825819612967706673e-01 6.239161700309897585e-01 8.438072708742727635e-02 5.311533580472764804e-01 2.371216684288202647e-01 5.069612747602190161e-01 2.734861411076591753e-01 6.565652696357614226e-02 6.298909583270269064e-01 4.556601313286678945e-01 5.552456504881827515e-01 5.209786768689278480e-01 4.830163969218372877e-01 1.540105949713575506e-01 4.378084365070684658e-01 5.742170625119152882e-01 6.839457541393624274e-01 2.497761794758864007e-01 2.372359427911563401e-01 5.276990501913513265e-01 2.533603564848374567e-01
5.401446055785736888e-01 1.000000000000000000e+00 8.617723837981452473e-01 8.280170460600914106e-01 7.970449644091718300e-01 7.895399932263945375e-02 3.373832511065882889e-02 4.297563757786547756e-01 8.956304829183663330e-01 9.471432270921611440e-01 6.770352965253197963e-01 1.569638633615644818e-01 8.985589315944310096e-01 7.671450138936808383e-01 8.004995191356141238e-01 6.633314305829344226e-01 7.025676853061607607e-01 8.070549290344974924e-01 4.527972914992367537e-02 8.243564388708565227e-01 3.176979815762163151e-01 8.983391026544162994e-01 6.312710146340864137e-01 8.867984335312714128e-01 7.334224548088512374e-02 5.889993711479651894e-02 4.725648889754675008e-01 5.951624359422942601e-02 1.105511736411247080e-02 8.364641927350208173e-01 8.907978287226852032e-01 8.852921051623453552e-01 4.540647901118954888e-02 5.433922235614172674e-02 1.360283263353305461e-01 7.026404222596510651e-01 8.998627987598715183e-01 6.394421228052845664e-03 2.065428404909679938e-01 7.981611250732677243e-02 7.797746462195008776e-01 1.591618185802912422e-01 2.696027999149886237e-02 7.997214005049362306e-01 7.595379244295210608e-01 8.566577970938447084e-01 8.128403555263998825e-01 8.741323094413823158e-01 4.720807645085960819e-02 7.966890532637285194e-01 4.174266218776241932e-01 8.761611093475981660e-01 2.308237119585460351e-01 1.395102361837753380e-01 8.873745337111925702e-01 6.825440392288560643e-02
5.100318434719066651e-01 8.617723837981452473e-01 1.000000000000000222e+00 7.930086752646271497e-01 7.202022077514919074e-01 7.134773684287586126e-02 3.229960143671464085e-02 3.895560861377870276e-01 9.660095720590659019e-01 8.133792990238528642e-01 5.965579560917536606e-01 1.653375926855477629e-01 7.942826828409244033e-01 7.585431104826837467e-01 8.982189511235487700e-01 8.120246763827643210e-01 6.793538981271599608e-01 7.821369116174804459e-01 1.274421197279337337e-01 7.213450823238879428e-01 3.043851961298599806e-01 9.662311667073812949e-01 6.239730906513123454e-01 9.713930803989905272e-01 7.542520442037445316e-02 3.110407726158647551e-02 4.018569790608053083e-01 4.779749432717584484e-02 1.983228034522893299e-02 7.144649732815613330e-01 8.116489871941150458e-01 8.880066511574935539e-01 5.649461556035480919e-02 4.342866855851050534e-02 1.298497698905815567e-01 7.492401558243634296e-01 9.147067164139163209e-01 1.250416083345367579e-01 2.052634557202454024e-01 8.351611360401448025e-02 7.063449274765020158e-01 1.663448579561307705e-01 1.291682909977402184e-02 7.165222759040449363e-01 7.501123832483843623e-01 8.912075640911174546e-01 8.801207705777852608e-01 7.669405377406312008e-01 4.554903551475138201e-02 6.773643237644954018e-01 3.884100504519923946e-01 7.927178715505538431e-01 2.063016244026301682e-01 1.397510178918588419e-01 9.694280308426197479e-01 6.715964780935913814e-02
6.744248552098294214e-01 8.280170460600914106e-01 7.930086752646271497e-01 1.000000000000000000e+00 8.589216765299904077e-01 1.232895188156688665e-01 5.244480344615375100e-02 4.624563968572574235e-01 8.052547262615182833e-01 8.185150102803406824e-01 7.209007477995762470e-01 1.829403380072708030e-01 8.209868493530564360e-01 7.659783374155407776e-01 7.864027785793384906e-01 6.683803763278908239e-01 7.675933110103602131e-01 7.839789041131629554e-01 9.937473327572399207e-02 7.919824821609425802e-01 4.609199809456695496e-01 8.272879827663972563e-01 7.348793526157491041e-01 8.139194541613644640e-01 1.359020200499919118e-01 4.781041812516779316e-02 6.092010047089023717e-01 6.062473264382167021e-02 6.553249427992982601e-02 7.211412471402841584e-01 8.059134373013692176e-01 8.399007784959755529e-01 7.792880373208346811e-02 6.255304157794271125e-02 1.694109399518448078e-01 7.200121810038520032e-01 8.547075595603081943e-01 8.718086287651356792e-02 3.966753530254991111e-01 1.250793292616990959e-01 8.180877095044966074e-01 2.258873081049945497e-01 2.894257487960404454e-02 8.126363209628065798e-01 7.588076063121680370e-01 8.097052437096501354e-01 8.110131606983130848e-01 7.441301975046520356e-01 7.685844194983219857e-02 7.177049632727570128e-01 4.984594116598400904e-01 8.729999748920287406e-01 2.350293536725021892e-01 1.532102364861638588e-01 8.151112444933176215e-01 1.267406344606732960e-01
5.489163533240136728e-01 7.970449644091718300e-01 7.202022077514919074e-01 8.589216765299904077e-01 1.000000000000000000e+00 6.858416783760645785e-02 6.133087120007559012e-02 4.301925036953487269e-01 7.392530968148399717e-01 7.981543103907873249e-01 6.848792316319101126e-01 1.445859624772080354e-01 7.878823036480396835e-01 7.056388112201190665e-01 7.390832724164939638e-01 5.492904607103556991e-01 6.828360600146849979e-01 7.644271964753943660e-01 8.862791098357525321e-02 7.056968435141224294e-01 3.654181653507568295e-01 7.633006096910136540e-01 6.224084486206959976e-01 7.432448334912270527e-01 1.160918387970897581e-01 4.322368376828828601e-02 6.950629572073935281e-01 6.053441207673534302e-02 3.269215461130545175e-02 6.667038421878990206e-01 7.288822011835386361e-01 7.670807966581747461e-01 5.123736259487512990e-02 8.615153233863732940e-02 1.519828456003676498e-01 6.361571997482025065e-01 7.738235370584892747e-01 8.850401670555351624e-03 3.347762329360524092e-01 1.034258415205519532e-01 7.492046545168110638e-01 2.001943401321689409e-01 3.319721966664527374e-02 7.339111191267873036e-01 7.197425377221940979e-01 7.536546477655456933e-01 7.585619358731078288e-01 7.126357694167219092e-01 6.836312626192396491e-02 6.659637875939435903e-01 4.318028085783967018e-01 7.399434076145345873e-01 2.048117161866921387e-01 1.369878875006667607e-01 7.414807077324100382e-01 1.279450853437155700e-01
1.735245500976697053e-01 7.895399932263945375e-02 7.134773684287586126e-02 1.232895188156688665e-01 6.858416783760645785e-02 1.000000000000000000e+00 2.024182928389988700e-01 8.426678585541089173e-02 7.670238856711039666e-02 8.000837357874139577e-02 1.181749185643387878e-01 2.286217684895343327e-01 1.514947737502671254e-01 1.266492902692865352e-01 8.369591551605212731e-02 7.003817404610526709e-02 2.254113636338986038e-01 5.418519186204975857e-02 1.133437995861835829e-01 8.071598342841751483e-02 9.076321948752677504e-02 8.014361523850323243e-02 1.257846482908378249e-01 7.572189537790280367e-02 1.873675029707170536e-01 1.306939946020878596e-01 1.825338269480122066e-01 1.211839530303083501e-01 1.816360960347282727e-01 1.169558503532951294e-01 1.008783640659267899e-01 1.114464965786754053e-01 1.330216166948037515e-01 1.675105025653033375e-01 2.021577962940666884e-01 1.334760239136384419e-01 1.210787035607357315e-01 1.690695849685702468e-01 2.393652178874749736e-01 2.161621816147558384e-01 1.302036922704362387e-01 2.068748250932389843e-01 9.813313046664615125e-02 1.754657403433089180e-01 1.345159973425593958e-01 1.117796273053267286e-01 1.340298884236821308e-01 7.735204438969640883e-02 1.685418201485697209e-01 1.163554721009888993e-01 3.213238770169506986e-01 9.748736393070174533e-02 1.303931911059888760e-01 1.997805543937827555e-01 8.228099981744295410e-02 2.090889978634663526e-01
1.443489601472028039e-01 3.373832511065882889e-02 3.229960143671464085e-02 5.244480344615375100e-02 6.133087120007559012e-02 2.024182928389988700e-01 1.000000000000000222e+00 1.065777255938022694e-01 4.135784260194755313e-02 2.650684908327500741e-02 7.054037168056574714e-02 3.687106019140292124e-01 1.108652673902313507e-01 4.482771769218599212e-02 6.155430770225151643e-02 5.285168787070144286e-02 2.031628838565474882e-01 1.799392902640475564e-02 1.744998104576785947e-01 6.569843043478869327e-02 2.920562902056976148e-02 3.308312175929696564e-02 7.410888576113483506e-02 3.245163009843370777e-02 2.290783548107659384e-01 3.479018990175166137e-01 2.206207720572735398e-01 3.634879551843023249e-01 2.516389028289438001e-01 4.880433867710699813e-02 7.896512223607680611e-03 4.112340680487339833e-02 2.309210024596240751e-01 4.209194715728206138e-01 2.112553439103785069e-01 7.567592669093359259e-02 5.056569473931763620e-02 1.485731230794138102e-01 2.263066830445402133e-01 2.850476973321715013e-01 5.485770234272983187e-02 2.646774163659192380e-01 5.077638820688165078e-01 6.845497482943491141e-02 1.079668640364912779e-01 4.827518008258469689e-02 4.355248527850981433e-02 3.041001345550068194e-02 3.192862602558952378e-01 4.324654052631735773e-02 2.132821078527246117e-01 3.519231508569043571e-02 2.590504160119370125e-01 3.504708701523047143e-01 3.268962495646778738e-02 3.463985812867337311e-01
6.393918494534249763e-01 4.297563757786547756e-01 3.895560861377870276e-01 4.624563968572574235e-01 4.301925036953487269e-01 8.426678585541089173e-02 1.065777255938022694e-01 1.000000000000000000e+00 4.023266202888346466e-01 4.667719864467754776e-01 3.711213757581102723e-01 2.146278946915749775e-01 5.072430854035890890e-01 3.689579570075676718e-01 4.514235928832966427e-01 3.094806204133680461e-01 4.679220167129882202e-01 4.123636258563911361e-01 6.422797465503016223e-02 4.562178797170362565e-01 2.122662012855998093e-01 4.220371422768260938e-01 4.582191351898758924e-01 4.101636079502393173e-01 1.280204408803771177e-01 5.565268202999791580e-02 3.700604218842312720e-01 4.818229261483852194e-02 1.056823946591628205e-01 4.142208771186225436e-01 4.102021150917089520e-01 4.151660070924924617e-01 9.987635043042583649e-02 8.000045544174237688e-02 1.094539241734591856e-01 3.668068030114574052e-01 4.464611881355841083e-01 7.547076422666498807e-02 3.338906026287731255e-01 1.270440627288963731e-01 4.070545774320183385e-01 1.480834922044498847e-01 5.974443218798836108e-02 4.709070763443136132e-01 3.645984191145490994e-01 4.292362702566884236e-01 3.844671735540214352e-01 3.874430843224596077e-01 9.072855208273183925e-02 3.642268457606940291e-01 3.721490121788521011e-01 4.897389037118703992e-01 1.627648494519090550e-01 1.444998590888029733e-01 4.076017549916416960e-01 1.239570262618536062e-01
5.260306649267532109e-01 8.956304829183663330e-01 9.660095720590659019e-01 8.052547262615182833e-01 7.392530968148399717e-01 7.670238856711039666e-02 4.135784260194755313e-02 4.023266202888346466e-01 1.000000000000000000e+00 8.317163794685332734e-01 6.153766078208435797e-01 1.804108474636330339e-01 8.122534152596680990e-01 7.753449260338748372e-01 8.686846020778924427e-01 8.324142615090712738e-01 7.006756170855361621e-01 7.980796323724254071e-01 1.511961902135018077e-01 7.394776922637839034e-01 3.168133510495494964e-01 9.855523271711398303e-01 6.272193944292566714e-01 9.889971569515785266e-01 1.004653135685677767e-01 6.200017235534891619e-02 4.126868451900619905e-01 6.638655416955063782e-02 2.174796718710532428e-02 7.552395135964607986e-01 8.285210230897335215e-01 9.074142601209671533e-01 7.828599509756184460e-02 5.637636783513779587e-02 1.504576103540635479e-01 7.684238112192868231e-01 9.351836298401755565e-01 1.300158637903441328e-01 2.204805144088410052e-01 9.934742320954322026e-02 7.297925665617123192e-01 1.916813524302334037e-01 1.983606154469141555e-02 7.343737535242910175e-01 7.691887934516291603e-01 9.061072810597223803e-01 8.983358953252168488e-01 7.833267967248459529e-01 5.538303901634320653e-02 6.942998953558261466e-01 4.073778301560556647e-01 8.084264856121726739e-01 2.241432631467530079e-01 1.557047869239780447e-01 9.873396670412109000e-01 8.392722842438450626e-02
5.533076603448512376e-01 9.471432270921611440e-01 8.133792990238528642e-01 8.185150102803406824e-01 7.981543103907873249e-01 8.000837357874139577e-02 2.650684908327500741e-02 4.667719864467754776e-01 8.317163794685332734e-01 1.000000000000000000e+00 6.816455472240326996e-01 1.313849908552211787e-01 9.105007222862142591e-01 7.756901554616526528e-01 7.888190015566957092e-01 6.067028349412713073e-01 6.874160687323059848e-01 8.260696584591217251e-01 2.276170312910370808e-02 8.032565459201701508e-01 3.302002630936646810e-01 8.604549168408207604e-01 6.184011781915589312e-01 8.375106748362602938e-01 5.636731288100702703e-02 3.926242822987069392e-02 5.141350737821425154e-01 4.829266856541164499e-02 2.421938588382288593e-02 8.299668803808114559e-01 8.411161510973980127e-01 8.705761832496355934e-01 2.879901908096903565e-02 5.355441272675891262e-02 1.291126189891580178e-01 6.943952046547605672e-01 8.584555541974916437e-01 -2.499261448776981306e-03 2.296882438558403849e-01 8.987077019057758409e-02 8.248236107564889119e-01 1.425025220700928130e-01 1.897744068522054517e-02 7.853872094062981368e-01 7.736764298998890510e-01 8.224422243893763085e-01 7.857960350719023213e-01 8.359611427434948672e-01 4.767312942805981141e-02 7.978348473236268612e-01 4.010473509500120382e-01 8.300380924352380729e-01 2.301300877924733757e-01 1.277471129648054260e-01 8.377829139324128871e-01 6.828995256985516404e-02
5.517493870353957774e-01 6.770352965253197963e-01 5.965579560917536606e-01 7.209007477995762470e-01 6.848792316319101126e-01 1.181749185643387878e-01 7.054037168056574714e-02 3.711213757581102723e-01 6.153766078208435797e-01 6.816455472240326996e-01 9.999999999999998890e-01 1.270518741784575079e-01 6.865928716312925673e-01 5.708691976216547781e-01 6.528268745771910186e-01 4.557066065110991215e-01 6.124676847395341683e-01 5.617325137967543736e-01 3.568255477883654214e-02 5.965294055971405163e-01 5.948885493470962293e-01 6.321886220002481682e-01 6.285896301539410924e-01 6.168241216258273374e-01 1.014498200014229412e-01 2.435540760936375296e-02 5.647980104524065181e-01 2.773042053511737964e-02 5.952142620103133275e-02 6.305416161827164245e-01 6.337552302779879687e-01 6.549166826605823388e-01 7.581971832519290855e-02 2.146904035837783262e-02 1.397540155257811223e-01 5.181406639057892782e-01 7.102759132088122263e-01 5.979041873595276890e-02 4.083873078780890786e-01 1.134100245357161085e-01 6.964755051519999629e-01 1.647659517888374059e-01 3.929648157003087783e-02 7.488722681739297116e-01 6.142398544023549567e-01 6.682542647282807557e-01 6.457586620370409092e-01 6.181643405751089393e-01 8.446381389843378440e-02 6.088575667168333316e-01 5.222457349078918343e-01 6.478107429440552734e-01 1.868112401066018835e-01 1.008193281081290610e-01 6.197688116934442215e-01 1.466518215312802575e-01
2.728835345958124381e-01 1.569638633615644818e-01 1.653375926855477629e-01 1.829403380072708030e-01 1.445859624772080354e-01 2.286217684895343327e-01 3.687106019140292124e-01 2.146278946915749775e-01 1.804108474636330339e-01 1.313849908552211787e-01 1.270518741784575079e-01 1.000000000000000222e+00 2.297611494280014932e-01 1.403749871055023080e-01 1.460844763643431576e-01 1.726776063119715710e-01 3.595863198827332075e-01 1.480037495440661155e-01 1.650408795815895280e-01 1.690763402057927633e-01 1.333681012613197048e-01 1.585832483470733800e-01 1.709063307264833687e-01 1.712347379360768529e-01 4.392345392780609981e-01 3.671497622748252088e-01 2.257834306874575148e-01 4.334811082660468551e-01 4.075794764781957014e-01 1.741420272140827286e-01 1.808452436541780062e-01 1.550187547497428320e-01 3.746086021842729985e-01 4.188323777420369098e-01 4.643681440364445523e-01 2.058735362078203679e-01 1.908761851943406584e-01 1.622451277615775400e-01 2.759937712414287647e-01 4.352760348094125709e-01 1.861044783184039875e-01 4.856394973887316890e-01 2.218559728950354748e-01 2.313534124721077223e-01 1.469054735055301264e-01 1.654345270500061915e-01 1.681880862486307138e-01 1.419665848043476786e-01 4.586928804962091544e-01 1.324164381102938270e-01 3.487186921086116165e-01 1.795236623067396897e-01 5.233378382491545855e-01 5.832614988469213557e-01 1.716647727206999652e-01 4.831532715134367884e-01
6.218873947137145697e-01 8.985589315944310096e-01 7.942826828409244033e-01 8.209868493530564360e-01 7.878823036480396835e-01 1.514947737502671254e-01 1.108652673902313507e-01 5.072430854035890890e-01 8.122534152596680990e-01 9.105007222862142591e-01 6.865928716312925673e-01 2.297611494280014932e-01 9.999999999999997780e-01 7.582466171082009598e-01 8.001596614320923839e-01 6.133294870809649080e-01 7.618674194087173834e-01 7.759012592857371660e-01 6.503973266216807325e-02 8.182881859372906908e-01 3.325859744522514094e-01 8.394558237500863163e-01 6.672815556271775028e-01 8.150677415247359336e-01 1.094046935673418097e-01 9.917253006350240652e-02 5.966494907652472035e-01 6.871937171362425822e-02 8.474541145644338969e-02 8.108249922857385661e-01 8.400916500080228833e-01 8.775174306018251880e-01 5.727545883033803575e-02 1.103736832134852575e-01 1.597047651456732498e-01 7.121057843498153073e-01 8.900125740810050923e-01 5.368951283668357138e-02 2.895648150780399388e-01 1.414402315666966059e-01 8.151807722842191462e-01 1.940348757460002294e-01 8.220170905179906284e-02 7.932622911492546169e-01 7.661836461144861943e-01 8.253319162745750281e-01 7.773131924673646331e-01 8.084188814276277446e-01 1.087863116204476760e-01 7.927262754699341274e-01 4.970202640756277712e-01 8.235123340655794433e-01 2.611800390507422742e-01 1.756196142358063539e-01 8.195298123150648317e-01 1.506564946519685366e-01
4.396895370649278600e-01 7.671450138936808383e-01 7.585431104826837467e-01 7.659783374155407776e-01 7.056388112201190665e-01 1.266492902692865352e-01 4.482771769218599212e-02 3.689579570075676718e-01 7.753449260338748372e-01 7.756901554616526528e-01 5.708691976216547781e-01 1.403749871055023080e-01 7.582466171082009598e-01 1.000000000000000000e+00 7.182845498732194356e-01 7.143759838556331676e-01 6.593529210537441010e-01 7.525030286031972881e-01 1.221829634682508048e-01 7.993120595945402140e-01 2.894351539048158894e-01 8.038550601819863806e-01 5.525798096327135811e-01 7.764368765032760855e-01 1.003102739280630207e-01 4.910656045567114714e-02 5.006461816362166584e-01 6.250792647076040820e-02 5.865427919542069018e-02 6.674121162873434265e-01 7.129983283310433739e-01 8.712520818677820245e-01 7.382693955834153388e-02 6.818857610546186221e-02 1.611235590777058135e-01 8.046062151631497850e-01 7.682967624374525961e-01 1.125649682149910263e-01 2.495478814674325363e-01 1.534540470960037983e-01 7.773387469832861996e-01 1.915306546050985215e-01 2.202235309303194818e-02 6.477065991930824884e-01 9.058768974098500015e-01 7.469003503004011391e-01 7.894752112555319945e-01 6.920408467341604419e-01 5.384688497751120156e-02 7.773336411681146529e-01 3.689636418118080741e-01 7.175162885500392385e-01 1.802039585254460174e-01 1.378753274202347001e-01 7.804796381892400436e-01 1.109051250157972873e-01
5.410225276647172565e-01 8.004995191356141238e-01 8.982189511235487700e-01 7.864027785793384906e-01 7.390832724164939638e-01 8.369591551605212731e-02 6.155430770225151643e-02 4.514235928832966427e-01 8.686846020778924427e-01 7.888190015566957092e-01 6.528268745771910186e-01 1.460844763643431576e-01 8.001596614320923839e-01 7.182845498732194356e-01 9.999999999999998890e-01 6.876323590249560080e-01 6.865200687327240869e-01 7.597521990021214311e-01 1.041951803605641047e-01 6.976694928718703004e-01 3.116985917564323305e-01 8.773669097547036611e-01 6.180821741195069441e-01 8.720731880242708067e-01 8.287147926643866069e-02 3.091716043732670172e-02 5.293679492612297643e-01 3.216332759357149601e-02 1.389007131669096375e-02 6.718057780916804056e-01 7.488132750738292209e-01 8.534825828840411077e-01 6.693896824033783444e-02 2.440775071597652696e-02 1.146400159103178190e-01 7.063139029753571219e-01 8.746632365262295705e-01 1.219188176899118209e-01 3.335670604820001883e-01 1.201817816788393473e-01 7.370804363140167625e-01 1.490017816183668853e-01 1.579830351777690434e-02 7.526380936181641390e-01 7.547787800319096796e-01 8.493333855623271811e-01 8.079598030009207399e-01 7.191340785101091315e-01 7.738804295303450265e-02 6.558268059804001071e-01 5.000120284697094908e-01 7.372590483126599814e-01 2.106210120125178997e-01 1.296295193789841482e-01 8.698488442808812726e-01 1.046813845745392518e-01
4.678813188728846995e-01 6.633314305829344226e-01 8.120246763827643210e-01 6.683803763278908239e-01 5.492904607103556991e-01 7.003817404610526709e-02 5.285168787070144286e-02 3.094806204133680461e-01 8.324142615090712738e-01 6.067028349412713073e-01 4.557066065110991215e-01 1.726776063119715710e-01 6.133294870809649080e-01 7.143759838556331676e-01 6.876323590249560080e-01 1.000000000000000000e+00 6.396005885645709155e-01 5.529138769145602872e-01 2.048765097491868914e-01 6.339793218125857610e-01 3.269399591058178567e-01 8.150371952140152976e-01 5.272245486792573876e-01 8.411933992441978925e-01 1.004595816473806830e-01 5.276119367114655290e-02 3.053719902839094336e-01 6.851893537788800170e-02 5.407208030804646487e-02 5.684146938224630130e-01 6.653943350043045601e-01 7.927461763009051587e-01 8.499951354850054930e-02 7.069279744285365819e-02 1.356402178802813829e-01 7.382356388806381453e-01 7.977591582021013039e-01 2.169585387474589067e-01 1.924131098433835840e-01 1.038537700779568057e-01 5.257966193985269543e-01 1.827051528526899282e-01 2.668245541850195607e-02 5.523976163508937942e-01 6.824237989987795849e-01 7.333412617079578810e-01 7.338124240908239226e-01 5.900688129896883849e-01 5.129973482027747750e-02 5.265724875640142022e-01 3.406297540750366504e-01 7.035928138675766608e-01 1.927281386094374660e-01 1.448993092217334688e-01 8.361943674875987886e-01 8.618773776392690822e-02
7.223423231378279796e-01 7.025676853061607607e-01 6.793538981271599608e-01 7.675933110103602131e-01 6.828360600146849979e-01 2.254113636338986038e-01 2.031628838565474882e-01 4.679220167129882202e-01 7.006756170855361621e-01 6.874160687323059848e-01 6.124676847395341683e-01 3.595863198827332075e-01 7.618674194087173834e-01 6.593529210537441010e-01 6.865200687327240869e-01 6.396005885645709155e-01 1.000000000000000000e+00 5.868945685689890279e-01 1.513589593822338430e-01 6.824739549141701778e-01 4.235295081447470467e-01 7.003413346238722692e-01 6.511233417282963343e-01 7.010169343645670237e-01 2.309409727118593436e-01 1.152221531261999887e-01 5.845627155453497759e-01 1.779602049675919895e-01 1.843487418086889873e-01 6.380560032394640979e-01 7.323512647541341458e-01 7.612013525682596038e-01 1.788394358872628653e-01 2.090925092681126807e-01 3.116410273072230952e-01 7.334153839193909841e-01 7.652878414834197729e-01 1.414121814529093191e-01 5.096048826378861696e-01 2.924975023471992341e-01 6.805764164983615361e-01 3.342718984391923054e-01 8.178373192464739871e-02 7.176378884113376877e-01 6.774171174419745256e-01 6.998467011002952320e-01 6.675901716511600803e-01 6.212447277245333188e-01 2.477626833189031097e-01 6.166883045045680189e-01 6.601834469056433452e-01 7.468360692809848933e-01 2.998879308072067151e-01 3.294058314502386620e-01 6.952244493299845063e-01 2.988746412568156763e-01
4.407708611758528461e-01 8.070549290344974924e-01 7.821369116174804459e-01 7.839789041131629554e-01 7.644271964753943660e-01 5.418519186204975857e-02 1.799392902640475564e-02 4.123636258563911361e-01 7.980796323724254071e-01 8.260696584591217251e-01 5.617325137967543736e-01 1.480037495440661155e-01 7.759012592857371660e-01 7.525030286031972881e-01 7.597521990021214311e-01 5.529138769145602872e-01 5.868945685689890279e-01 1.000000000000000000e+00 9.932470115785281550e-02 7.644215474296953694e-01 2.181064668360000736e-01 8.335302745499568733e-01 5.859908730793229603e-01 7.999379201285582441e-01 1.007369973192423634e-01 3.845449061011272512e-02 4.584656958435376906e-01 7.247037219457629076e-02 1.086844941092459695e-02 7.184388182721411775e-01 6.989243073298845310e-01 8.029095520250243423e-01 5.731715569372483610e-02 6.116484032529760639e-02 1.205922435428524453e-01 6.919572489646939051e-01 7.592112301285391940e-01 6.435470506293193560e-02 2.498237545170369500e-01 9.078482433569078081e-02 8.084004854344577495e-01 1.702639273747216797e-01 1.290824023663387533e-02 6.969804107017478767e-01 7.334983144433454560e-01 7.702418605065067814e-01 8.007564734618080049e-01 7.364771373116578701e-01 3.070165955527771190e-02 7.156759335655574761e-01 3.016669123645046580e-01 7.208131543453875079e-01 1.850706766252548097e-01 1.280331147602595809e-01 8.047317474151601813e-01 7.948417963681990439e-02
8.713680484329090759e-02 4.527972914992367537e-02 1.274421197279337337e-01 9.937473327572399207e-02 8.862791098357525321e-02 1.133437995861835829e-01 1.744998104576785947e-01 6.422797465503016223e-02 1.511961902135018077e-01 2.276170312910370808e-02 3.568255477883654214e-02 1.650408795815895280e-01 6.503973266216807325e-02 1.221829634682508048e-01 1.041951803605641047e-01 2.048765097491868914e-01 1.513589593822338430e-01 9.932470115785281550e-02 1.000000000000000222e+00 3.189037030786386756e-02 3.601161169083955810e-02 1.314310911329065190e-01 5.018855169720613796e-02 1.284525660908527045e-01 1.985597941137576539e-01 2.312701873563892674e-01 1.130277962526333169e-01 1.539350193677586354e-01 9.322165618061389880e-02 5.963879582443395999e-02 7.941883547385505948e-02 8.687958662657865871e-02 1.486033377383954579e-01 1.560028871274614926e-01 1.706428419113373840e-01 1.111353727093576660e-01 1.017911804346614962e-01 3.280872449276602265e-01 1.185006830406956646e-01 1.029462297595520048e-01 6.899418628356251970e-02 1.958165271710994304e-01 1.251629125380728513e-01 6.219864476679670684e-02 1.503103806381117236e-01 1.053221074870643315e-01 1.877195288384753691e-01 3.650362819475962833e-02 1.057355636819518885e-01 3.316550128032366013e-02 1.117905582003644593e-01 3.045612859798150357e-02 1.141517174210157359e-01 1.337621558840929314e-01 1.298887379643183515e-01 1.430263308239927977e-01
5.412069174973938024e-01 8.243564388708565227e-01 7.213450823238879428e-01 7.919824821609425802e-01 7.056968435141224294e-01 8.071598342841751483e-02 6.569843043478869327e-02 4.562178797170362565e-01 7.394776922637839034e-01 8.032565459201701508e-01 5.965294055971405163e-01 1.690763402057927633e-01 8.182881859372906908e-01 7.993120595945402140e-01 6.976694928718703004e-01 6.339793218125857610e-01 6.824739549141701778e-01 7.644215474296953694e-01 3.189037030786386756e-02 1.000000000000000000e+00 3.417079855852656611e-01 7.643280589196210784e-01 5.675142490626275960e-01 7.424570685929944291e-01 9.775410691193739399e-02 3.851775623745665872e-02 4.757290335076227450e-01 4.588941833749522053e-02 4.373564260870600046e-02 7.027556754388440963e-01 7.984361689063440570e-01 8.818039240206625440e-01 7.065820672393474666e-02 6.509855900848030008e-02 1.157278997577406293e-01 8.064523333763240487e-01 7.898547774919153497e-01 -1.613345611129609128e-03 2.975778403391718951e-01 1.030597145412400634e-01 7.396708383847502288e-01 1.590112235876604274e-01 5.176944055168144349e-02 7.505894202402036974e-01 7.300770503012440349e-01 7.386433699937957620e-01 7.083510345059471636e-01 7.362199075254554081e-01 3.741279432124341997e-02 7.971364900263695485e-01 3.766380480058308944e-01 8.772405768992762587e-01 2.045034921991329413e-01 1.212042142601205269e-01 7.459314351759500639e-01 7.498630707212812496e-02
3.597279922269679964e-01 3.176979815762163151e-01 3.043851961298599806e-01 4.609199809456695496e-01 3.654181653507568295e-01 9.076321948752677504e-02 2.920562902056976148e-02 2.122662012855998093e-01 3.168133510495494964e-01 3.302002630936646810e-01 5.948885493470962293e-01 1.333681012613197048e-01 3.325859744522514094e-01 2.894351539048158894e-01 3.116985917564323305e-01 3.269399591058178567e-01 4.235295081447470467e-01 2.181064668360000736e-01 3.601161169083955810e-02 3.417079855852656611e-01 1.000000000000000000e+00 3.134339272320006975e-01 3.871144646585831239e-01 3.202857505520263492e-01 6.741920262493199256e-02 2.662846038093693787e-02 3.372736038544189019e-01 1.442251356518738266e-02 8.310251909577560936e-02 2.517674621956429437e-01 3.768777187681010554e-01 3.766827210059923714e-01 4.759003178170354009e-02 2.876476656332002668e-02 9.364125268303803706e-02 3.637674415444824283e-01 3.705472364066366153e-01 1.655162469613676302e-01 3.484509406221604211e-01 9.921610710761305518e-02 3.945634985762696001e-01 1.199298912768144015e-01 4.572332366218707922e-02 5.242811415521891893e-01 2.744081930216912824e-01 3.121243991179679100e-01 2.932744464507224813e-01 3.009126629363396699e-01 8.348634883115831073e-02 2.835980238548055921e-01 4.008983183271905282e-01 4.029264770246477334e-01 1.237405001214770262e-01 8.239944070476136473e-02 3.121552410955723555e-01 7.141204346733165398e-02
5.297782054610583602e-01 8.983391026544162994e-01 9.662311667073812949e-01 8.272879827663972563e-01 7.633006096910136540e-01 8.014361523850323243e-02 3.308312175929696564e-02 4.220371422768260938e-01 9.855523271711398303e-01 8.604549168408207604e-01 6.321886220002481682e-01 1.585832483470733800e-01 8.394558237500863163e-01 8.038550601819863806e-01 8.773669097547036611e-01 8.150371952140152976e-01 7.003413346238722692e-01 8.335302745499568733e-01 1.314310911329065190e-01 7.643280589196210784e-01 3.134339272320006975e-01 1.000000000000000000e+00 6.503548704667745373e-01 9.923193727026474731e-01 7.471314953221812327e-02 3.627037132983790962e-02 4.369162219878225950e-01 4.701341087734779711e-02 2.406976084321667264e-02 7.530602833787833905e-01 8.371629832069050758e-01 9.249643180873137194e-01 5.605002839609975196e-02 4.844544408399324015e-02 1.302182361833015556e-01 7.834465171402607009e-01 9.417889954304184963e-01 1.249253308000272122e-01 2.268675187647922475e-01 8.555084233503328084e-02 7.600982377333640461e-01 1.686400423960822126e-01 1.560433824435142856e-02 7.475822832073385493e-01 7.917833018919067101e-01 9.176414933608905145e-01 9.115390134611058848e-01 8.007154260451679884e-01 4.044850475267031120e-02 7.305994206300521210e-01 4.049687264734981862e-01 8.177718673726142029e-01 2.108700961233346827e-01 1.360780102197007291e-01 9.917706492991362754e-01 6.974341227312588765e-02
6.960866033037470535e-01 6.312710146340864137e-01 6.239730906513123454e-01 7.348793526157491041e-01 6.224084486206959976e-01 1.257846482908378249e-01 7.410888576113483506e-02 4.582191351898758924e-01 6.272193944292566714e-01 6.184011781915589312e-01 6.285896301539410924e-01 1.709063307264833687e-01 6.672815556271775028e-01 5.525798096327135811e-01 6.180821741195069441e-01 5.272245486792573876e-01 6.511233417282963343e-01 5.859908730793229603e-01 5.018855169720613796e-02 5.675142490626275960e-01 3.871144646585831239e-01 6.503548704667745373e-01 1.000000000000000000e+00 6.422964278814701222e-01 1.656172502782461420e-01 1.950218687849021929e-02 4.342252534006792453e-01 4.086456184901866850e-02 6.809265372292898355e-02 6.312898367435781921e-01 6.130207626648372932e-01 6.284729798512607157e-01 7.476115483942334661e-02 5.161775995956682794e-02 1.804085993875157445e-01 5.894884125926903584e-01 7.074244823146591532e-01 7.659105011080570569e-02 3.993804948950440692e-01 1.702846115213950129e-01 6.397302341766433198e-01 2.415899026461234833e-01 3.094165356858750993e-02 6.718039854847518422e-01 5.590267766790997239e-01 7.459203343505097505e-01 6.347693948350570103e-01 6.232754477675997995e-01 1.025898438388581219e-01 5.591092687277743334e-01 4.918635864710810823e-01 6.668805353771178890e-01 1.759572894804606047e-01 1.503909483313705109e-01 6.401231290593512036e-01 1.916201198337176004e-01
5.323050360670594783e-01 8.867984335312714128e-01 9.713930803989905272e-01 8.139194541613644640e-01 7.432448334912270527e-01 7.572189537790280367e-02 3.245163009843370777e-02 4.101636079502393173e-01 9.889971569515785266e-01 8.375106748362602938e-01 6.168241216258273374e-01 1.712347379360768529e-01 8.150677415247359336e-01 7.764368765032760855e-01 8.720731880242708067e-01 8.411933992441978925e-01 7.010169343645670237e-01 7.999379201285582441e-01 1.284525660908527045e-01 7.424570685929944291e-01 3.202857505520263492e-01 9.923193727026474731e-01 6.422964278814701222e-01 9.999999999999997780e-01 8.171385439190088917e-02 3.538069937870171738e-02 4.102456948576674312e-01 5.298921926005903393e-02 2.403919084871632833e-02 7.375389140615289385e-01 8.351432797381667106e-01 9.135860473825846428e-01 6.121931910746974265e-02 4.725766583325479581e-02 1.360259379241893773e-01 7.711251490755697269e-01 9.419895415295109764e-01 1.289070573399271336e-01 2.177046539757883370e-01 8.757686307201856257e-02 7.176919842377952330e-01 1.749504515487569911e-01 1.393869303717077020e-02 7.384878619975545622e-01 7.684911413269918112e-01 9.161802241237092526e-01 9.013436975219171199e-01 7.855287024708704768e-01 4.692815054322009571e-02 6.935662021976988223e-01 4.019662990670027081e-01 8.198862915547262542e-01 2.190740580085529521e-01 1.464467539056638068e-01 9.964078968854808149e-01 7.333878282591049791e-02
2.085798142754552997e-01 7.334224548088512374e-02 7.542520442037445316e-02 1.359020200499919118e-01 1.160918387970897581e-01 1.873675029707170536e-01 2.290783548107659384e-01 1.280204408803771177e-01 1.004653135685677767e-01 5.636731288100702703e-02 1.014498200014229412e-01 4.392345392780609981e-01 1.094046935673418097e-01 1.003102739280630207e-01 8.287147926643866069e-02 1.004595816473806830e-01 2.309409727118593436e-01 1.007369973192423634e-01 1.985597941137576539e-01 9.775410691193739399e-02 6.741920262493199256e-02 7.471314953221812327e-02 1.656172502782461420e-01 8.171385439190088917e-02 1.000000000000000000e+00 3.020097872907639980e-01 1.003898491346578714e-01 3.510185793396246035e-01 3.916212025472050051e-01 1.462521812317485737e-01 6.863970948449553411e-02 8.196875698063331439e-02 6.453350483451150144e-01 4.221152201059759634e-01 6.867992032347741693e-01 1.292582793554920839e-01 1.133184639294500251e-01 1.351280318050244178e-01 2.524826387499033431e-01 6.511332751928087248e-01 1.383647067676916642e-01 8.672086782948702499e-01 1.003864618122432273e-01 1.493594631280896479e-01 1.311246331603287407e-01 1.479315711405863598e-01 1.557753263749558914e-01 6.936987939813848980e-02 3.750007623922115285e-01 7.991100324510905240e-02 2.524742349597321467e-01 8.172487704266044595e-02 4.312282506705816254e-01 5.379173879356597965e-01 9.072644395473682122e-02 6.284041092134119433e-01
7.511170068379570408e-02 5.889993711479651894e-02 3.110407726158647551e-02 4.781041812516779316e-02 4.322368376828828601e-02 1.306939946020878596e-01 3.479018990175166137e-01 5.565268202999791580e-02 6.200017235534891619e-02 3.926242822987069392e-02 2.435540760936375296e-02 3.671497622748252088e-01 9.917253006350240652e-02 4.910656045567114714e-02 3.091716043732670172e-02 5.276119367114655290e-02 1.152221531261999887e-01 3.845449061011272512e-02 2.312701873563892674e-01 3.851775623745665872e-02 2.662846038093693787e-02 3.627037132983790962e-02 1.950218687849021929e-02 3.538069937870171738e-02 3.020097872907639980e-01 9.999999999999998890e-01 1.430532251084650208e-01 4.832038517505429231e-01 3.837771411475507377e-01 8.681133352893501132e-02 4.617001918600783378e-02 3.669596506208520903e-02 3.044014671164466668e-01 5.331289832455361477e-01 2.968236895498500560e-01 7.861572021490891016e-02 3.464567696956967480e-02 1.733123172327178108e-01 1.107692602010551808e-01 2.704959040430641171e-01 7.329063359309048731e-02 3.266385098014691346e-01 1.755163847023116508e-01 8.368562542854955655e-02 2.973773669587052859e-02 3.678761527389676211e-02 5.335214625003410066e-02 3.673864684893546340e-02 4.604901618754431714e-01 4.450093921409351005e-02 1.674880226581995368e-01 2.643323299759633288e-02 4.338120546476298967e-01 4.595858057181501088e-01 3.979539372727984581e-02 4.403745264195274012e-01
4.636448565544351585e-01 4.725648889754675008e-01 4.018569790608053083e-01 6.092010047089023717e-01 6.950629572073935281e-01 1.825338269480122066e-01 2.206207720572735398e-01 3.700604218842312720e-01 4.126868451900619905e-01 5.141350737821425154e-01 5.647980104524065181e-01 2.257834306874575148e-01 5.966494907652472035e-01 5.006461816362166584e-01 5.293679492612297643e-01 3.053719902839094336e-01 5.845627155453497759e-01 4.584656958435376906e-01 1.130277962526333169e-01 4.757290335076227450e-01 3.372736038544189019e-01 4.369162219878225950e-01 4.342252534006792453e-01 4.102456948576674312e-01 1.003898491346578714e-01 1.430532251084650208e-01 1.000000000000000222e+00 1.427636915391157779e-01 1.113254023692719086e-01 4.228486194694274780e-01 4.089072940412128432e-01 5.022639499488272818e-01 9.740935058520674983e-02 1.719435723399806992e-01 1.330570990954226818e-01 4.618075200456434048e-01 4.809585519477843074e-01 9.569082608672506429e-02 4.276430803231273670e-01 1.966862724614668601e-01 5.892952753354021578e-01 1.677959245989316395e-01 1.627263747109091441e-01 5.144388994102463419e-01 5.522340708052285718e-01 4.639899874563064297e-01 3.864543090661210489e-01 4.260781284996141838e-01 1.960844319195182706e-01 4.498273233328541898e-01 4.422585296562675516e-01 4.470744744920944203e-01 2.036160842359564516e-01 1.773121827328518196e-01 4.117529025416896693e-01 2.437638743835531530e-01
1.042158089121245634e-01 5.951624359422942601e-02 4.779749432717584484e-02 6.062473264382167021e-02 6.053441207673534302e-02 1.211839530303083501e-01 3.634879551843023249e-01 4.818229261483852194e-02 6.638655416955063782e-02 4.829266856541164499e-02 2.773042053511737964e-02 4.334811082660468551e-01 6.871937171362425822e-02 6.250792647076040820e-02 3.216332759357149601e-02 6.851893537788800170e-02 1.779602049675919895e-01 7.247037219457629076e-02 1.539350193677586354e-01 4.588941833749522053e-02 1.442251356518738266e-02 4.701341087734779711e-02 4.086456184901866850e-02 5.298921926005903393e-02 3.510185793396246035e-01 4.832038517505429231e-01 1.427636915391157779e-01 9.999999999999998890e-01 2.894651337938827784e-01 9.082360962349803057e-02 2.043233913500008478e-02 3.300204272002354999e-02 2.534655366349297112e-01 5.414975131559637278e-01 3.544830978411875888e-01 1.408753585616875081e-01 4.328286696429641672e-02 5.919775506311091701e-02 1.574962248221553340e-01 3.048960688342676195e-01 7.442327233297232891e-02 3.503469107209514211e-01 1.466892981853541167e-01 4.474448615673576324e-02 7.547590664419021045e-02 4.440800401100179762e-02 5.647697476483548584e-02 3.749841773507309878e-02 4.240092892111520517e-01 4.580854216924421657e-02 1.617248060447094016e-01 3.940867167607271793e-02 4.648811145341726903e-01 5.834876398783797047e-01 5.609215879458566423e-02 4.001137264489042500e-01
