1.000000000000000000e+00 2.372194328702302568e-01 2.206411371409444933e-01 3.915408972277188981e-01 2.685734418632845233e-01 2.946973620099546665e-01 2.709658438312881890e-01 2.075528338181531762e-01 4.041012261407773698e-01 4.008111735616560756e-01 2.876191930616670556e-01 2.814828499446163090e-01 4.645255936489954274e-01 4.151153791908599455e-01 3.913674148160364852e-01 2.172824338299390867e-01 3.990840020497063989e-01 3.036150263261349624e-01 2.751612632236116185e-01 1.910362916740162842e-01 3.118241156444572781e-01 3.944931736590602811e-01 1.477550230745041382e-01
2.372194328702302568e-01 1.000000000000000000e+00 1.827995123113324571e-01 3.913520833369009133e-01 4.235156690192737328e-01 1.987259878313740735e-01 2.330635514169515088e-01 2.602837727778628540e-01 3.183994764581575265e-01 3.077682346422366266e-01 2.684480855070584537e-01 3.657298334499704540e-01 4.400284640179109030e-01 4.048910917241414498e-01 3.606854265222814715e-01 3.980472019448019760e-02 2.180355738170638158e-01 3.851499236697515927e-01 3.196554937292016563e-01 3.440986140920548886e-01 3.472036086610078010e-01 4.851103951073524323e-01 1.679890652392177774e-01
2.206411371409444933e-01 1.827995123113324571e-01 1.000000000000000000e+00 2.315856349425149396e-01 1.439686425313978779e-01 2.758829916542376304e-01 1.565088320175422598e-01 1.150315514302083092e-01 2.929393853196469166e-01 3.481307068234920088e-01 2.184026384586270075e-01 1.635368395338710479e-01 2.679703207220275885e-01 3.249768342219329087e-01 2.660969256908019553e-01 2.517109043521317258e-01 2.661417197887140373e-01 2.148405361232163246e-01 1.840163254698197193e-01 3.494400799289505422e-01 4.709901623196915410e-01 2.702827784123695842e-01 1.102983291775019442e-01
3.915408972277188981e-01 3.913520833369009133e-01 2.315856349425149396e-01 1.000000000000000222e+00 3.508191307257078617e-01 3.047091107597481585e-01 4.464499766633213129e-01 3.418828552668906617e-01 5.869365188762245555e-01 4.971502684364929592e-01 4.747711813671197101e-01 5.419151068867495979e-01 7.938154343428708293e-01 6.706138440475376550e-01 6.145556454649424571e-01 2.990304238717777507e-01 3.186242083695124960e-01 5.489030518881609089e-01 4.697567268056438983e-01 2.007926528246686826e-01 4.340229851135464223e-01 6.792572799199740885e-01 1.992755566550768742e-01
2.685734418632845233e-01 4.235156690192737328e-01 1.439686425313978779e-01 3.508191307257078617e-01 1.000000000000000000e+00 1.753079084328069692e-01 2.625808719341715114e-01 1.813736358638440016e-01 2.637720672370993391e-01 2.846699618533243825e-01 3.823051191925344039e-01 3.528192089069958071e-01 3.683306167350750004e-01 3.723679905923891753e-01 3.067001655008546046e-01 1.081624401371034661e-01 2.094226025339302188e-01 4.156086838529668426e-01 2.292469542907000224e-01 4.709955743443154375e-01 3.695289862369818823e-01 5.136180266669955197e-01 2.704087058595750492e-01
2.946973620099546665e-01 1.987259878313740735e-01 2.758829916542376304e-01 3.047091107597481585e-01 1.753079084328069692e-01 1.000000000000000000e+00 2.688404536451803883e-01 3.686588489536148927e-01 3.504545175730764961e-01 3.031890569666858548e-01 3.064890413689610460e-01 2.596499182517241211e-01 3.755198306660033070e-01 3.414377601997722333e-01 3.705335275742251966e-01 3.357789709842332604e-01 3.660826975061192146e-01 3.076668370591660318e-01 2.423831224786336669e-01 1.652549228099342293e-01 3.023551754170901718e-01 3.368732995091224258e-01 1.412295290912765622e-01
2.709658438312881890e-01 2.330635514169515088e-01 1.565088320175422598e-01 4.464499766633213129e-01 2.625808719341715114e-01 2.688404536451803883e-01 9.999999999999997780e-01 1.629359886918704814e-01 5.009220748545468727e-01 4.509216351388406485e-01 4.416352482982047190e-01 5.963612522749749401e-01 5.571136403031440310e-01 4.852135211133408177e-01 5.316757637377430568e-01 3.667174436509975655e-01 2.270799309676903022e-01 2.960119263582467464e-01 6.644910923358564592e-01 1.302129663779067470e-01 4.416965726135184678e-01 5.458468198444788033e-01 2.191920401824691833e-01
2.075528338181531762e-01 2.602837727778628540e-01 1.150315514302083092e-01 3.418828552668906617e-01 1.813736358638440016e-01 3.686588489536148927e-01 1.629359886918704814e-01 1.000000000000000000e+00 3.414036597769678494e-01 2.854021191834206772e-01 2.377737273205460522e-01 3.245215135271489748e-01 3.970605411184968681e-01 3.168979156017912024e-01 3.213300060046325179e-01 3.282059283182552079e-02 1.623881659487570739e-01 3.834486013749821565e-01 2.450152660668901139e-01 1.231192409142539690e-01 2.292222011945162508e-01 3.685522132165022224e-01 1.106641076537170226e-01
4.041012261407773698e-01 3.183994764581575265e-01 2.929393853196469166e-01 5.869365188762245555e-01 2.637720672370993391e-01 3.504545175730764961e-01 5.009220748545468727e-01 3.414036597769678494e-01 1.000000000000000000e+00 6.250496409529677777e-01 4.655656499472438647e-01 5.452706979770080009e-01 7.145885323720317928e-01 6.921148882642776945e-01 6.678581454427567898e-01 3.137100300427482225e-01 3.358785101633590675e-01 4.353801307501609097e-01 4.923987263345271370e-01 2.666553893340187775e-01 5.526709242565592817e-01 6.263814193519733342e-01 3.345853287856835334e-01
4.008111735616560756e-01 3.077682346422366266e-01 3.481307068234920088e-01 4.971502684364929592e-01 2.846699618533243825e-01 3.031890569666858548e-01 4.509216351388406485e-01 2.854021191834206772e-01 6.250496409529677777e-01 1.000000000000000000e+00 4.530026181528423734e-01 4.835668842772194997e-01 5.092590772070140215e-01 6.120857191531449137e-01 5.151187465299233992e-01 3.222622943518942407e-01 3.282068229713425711e-01 4.055323767020302395e-01 5.236943714221037327e-01 3.253119821427730707e-01 5.548585738583364790e-01 6.481549248929387996e-01 2.813146319257431860e-01
2.876191930616670556e-01 2.684480855070584537e-01 2.184026384586270075e-01 4.747711813671197101e-01 3.823051191925344039e-01 3.064890413689610460e-01 4.416352482982047190e-01 2.377737273205460522e-01 4.655656499472438647e-01 4.530026181528423734e-01 1.000000000000000000e+00 5.177520451824503267e-01 5.046163439393016592e-01 5.436775348766171856e-01 4.551088981343575646e-01 3.156104078755442299e-01 2.804364019310349732e-01 5.289761650598981957e-01 4.763870417885286979e-01 2.703679320123388297e-01 4.811090860154736415e-01 6.912679245550310547e-01 2.144435394173198617e-01
2.814828499446163090e-01 3.657298334499704540e-01 1.635368395338710479e-01 5.419151068867495979e-01 3.528192089069958071e-01 2.596499182517241211e-01 5.963612522749749401e-01 3.245215135271489748e-01 5.452706979770080009e-01 4.835668842772194997e-01 5.177520451824503267e-01 1.000000000000000000e+00 5.544673184270916266e-01 6.495363440834313051e-01 7.021879011377949453e-01 2.550614916857116277e-01 2.166662386863934808e-01 4.533161734070792481e-01 6.135984548192101595e-01 2.084556712276667834e-01 5.115267010006846471e-01 7.113910736631983145e-01 3.237289708495112439e-01
4.645255936489954274e-01 4.400284640179109030e-01 2.679703207220275885e-01 7.938154343428708293e-01 3.683306167350750004e-01 3.755198306660033070e-01 5.571136403031440310e-01 3.970605411184968681e-01 7.145885323720317928e-01 5.092590772070140215e-01 5.046163439393016592e-01 5.544673184270916266e-01 1.000000000000000000e+00 7.098292454124264239e-01 7.059114259056263885e-01 3.453474652911251996e-01 3.887950927128642764e-01 5.961857947317346085e-01 5.431984875079235442e-01 2.015152806182443912e-01 5.077394235812756618e-01 6.705579938226626791e-01 2.278855982460094853e-01
4.151153791908599455e-01 4.048910917241414498e-01 3.249768342219329087e-01 6.706138440475376550e-01 3.723679905923891753e-01 3.414377601997722333e-01 4.852135211133408177e-01 3.168979156017912024e-01 6.921148882642776945e-01 6.120857191531449137e-01 5.436775348766171856e-01 6.495363440834313051e-01 7.098292454124264239e-01 9.999999999999998890e-01 7.797475558393777151e-01 3.211410911763228349e-01 4.041433352620091290e-01 5.464223205634737290e-01 6.026973592585986861e-01 2.986091700588031639e-01 5.868427503869937389e-01 7.875068275090189029e-01 3.927542899885592131e-01
3.913674148160364852e-01 3.606854265222814715e-01 2.660969256908019553e-01 6.145556454649424571e-01 3.067001655008546046e-01 3.705335275742251966e-01 5.316757637377430568e-01 3.213300060046325179e-01 6.678581454427567898e-01 5.151187465299233992e-01 4.551088981343575646e-01 7.021879011377949453e-01 7.059114259056263885e-01 7.797475558393777151e-01 1.000000000000000000e+00 2.969097184651581789e-01 3.397858581652787868e-01 4.413558287461227247e-01 6.568133190958657108e-01 2.105407249421933635e-01 5.261208458329909021e-01 6.827605603874833395e-01 3.441580703058982338e-01
2.172824338299390867e-01 3.980472019448019760e-02 2.517109043521317258e-01 2.990304238717777507e-01 1.081624401371034661e-01 3.357789709842332604e-01 3.667174436509975655e-01 3.282059283182552079e-02 3.137100300427482225e-01 3.222622943518942407e-01 3.156104078755442299e-01 2.550614916857116277e-01 3.453474652911251996e-01 3.211410911763228349e-01 2.969097184651581789e-01 1.000000000000000000e+00 3.289749852173305955e-01 2.617844771882453236e-01 3.207276957773863568e-01 9.948349928297146871e-02 2.479841431319248224e-01 2.990119358240480585e-01 1.207128795308892444e-01
3.990840020497063989e-01 2.180355738170638158e-01 2.661417197887140373e-01 3.186242083695124960e-01 2.094226025339302188e-01 3.660826975061192146e-01 2.270799309676903022e-01 1.623881659487570739e-01 3.358785101633590675e-01 3.282068229713425711e-01 2.804364019310349732e-01 2.166662386863934808e-01 3.887950927128642764e-01 4.041433352620091290e-01 3.397858581652787868e-01 3.289749852173305955e-01 1.000000000000000222e+00 2.412871564084296261e-01 2.333543974540307764e-01 1.771463163148090381e-01 2.974323789243267235e-01 3.562784066249704562e-01 1.445814926339304696e-01
3.036150263261349624e-01 3.851499236697515927e-01 2.148405361232163246e-01 5.489030518881609089e-01 4.156086838529668426e-01 3.076668370591660318e-01 2.960119263582467464e-01 3.834486013749821565e-01 4.353801307501609097e-01 4.055323767020302395e-01 5.289761650598981957e-01 4.533161734070792481e-01 5.961857947317346085e-01 5.464223205634737290e-01 4.413558287461227247e-01 2.617844771882453236e-01 2.412871564084296261e-01 9.999999999999998890e-01 3.950123466828356356e-01 2.777502044702619965e-01 4.048642689975903153e-01 7.125878970314457606e-01 1.379920350341935498e-01
2.751612632236116185e-01 3.196554937292016563e-01 1.840163254698197193e-01 4.697567268056438983e-01 2.292469542907000224e-01 2.423831224786336669e-01 6.644910923358564592e-01 2.450152660668901139e-01 4.923987263345271370e-01 5.236943714221037327e-01 4.763870417885286979e-01 6.135984548192101595e-01 5.431984875079235442e-01 6.026973592585986861e-01 6.568133190958657108e-01 3.207276957773863568e-01 2.333543974540307764e-01 3.950123466828356356e-01 1.000000000000000000e+00 2.771577355945578636e-01 4.901475576869570583e-01 6.141347947081471359e-01 2.506173320684642603e-01
1.910362916740162842e-01 3.440986140920548886e-01 3.494400799289505422e-01 2.007926528246686826e-01 4.709955743443154375e-01 1.652549228099342293e-01 1.302129663779067470e-01 1.231192409142539690e-01 2.666553893340187775e-01 3.253119821427730707e-01 2.703679320123388297e-01 2.084556712276667834e-01 2.015152806182443912e-01 2.986091700588031639e-01 2.105407249421933635e-01 9.948349928297146871e-02 1.771463163148090381e-01 2.777502044702619965e-01 2.771577355945578636e-01 1.000000000000000222e+00 6.058136175569922566e-01 3.384335497304724605e-01 1.523012476729915521e-01
3.118241156444572781e-01 3.472036086610078010e-01 4.709901623196915410e-01 4.340229851135464223e-01 3.695289862369818823e-01 3.023551754170901718e-01 4.416965726135184678e-01 2.292222011945162508e-01 5.526709242565592817e-01 5.548585738583364790e-01 4.811090860154736415e-01 5.115267010006846471e-01 5.077394235812756618e-01 5.868427503869937389e-01 5.261208458329909021e-01 2.479841431319248224e-01 2.974323789243267235e-01 4.048642689975903153e-01 4.901475576869570583e-01 6.058136175569922566e-01 1.000000000000000000e+00 5.754716359317147978e-01 3.125572997405968168e-01
3.944931736590602811e-01 4.851103951073524323e-01 2.702827784123695842e-01 6.792572799199740885e-01 5.136180266669955197e-01 3.368732995091224258e-01 5.458468198444788033e-01 3.685522132165022224e-01 6.263814193519733342e-01 6.481549248929387996e-01 6.912679245550310547e-01 7.113910736631983145e-01 6.705579938226626791e-01 7.875068275090189029e-01 6.827605603874833395e-01 2.990119358240480585e-01 3.562784066249704562e-01 7.125878970314457606e-01 6.141347947081471359e-01 3.384335497304724605e-01 5.754716359317147978e-01 1.000000000000000000e+00 3.124703949545368231e-01
1.477550230745041382e-01 1.679890652392177774e-01 1.102983291775019442e-01 1.992755566550768742e-01 2.704087058595750492e-01 1.412295290912765622e-01 2.191920401824691833e-01 1.106641076537170226e-01 3.345853287856835334e-01 2.813146319257431860e-01 2.144435394173198617e-01 3.237289708495112439e-01 2.278855982460094853e-01 3.927542899885592131e-01 3.441580703058982338e-01 1.207128795308892444e-01 1.445814926339304696e-01 1.379920350341935498e-01 2.506173320684642603e-01 1.523012476729915521e-01 3.125572997405968168e-01 3.124703949545368231e-01 9.999999999999997780e-01
