9.999999999999997780e-01 5.795934345780748287e-02 4.090421784848703446e-01 1.349145590901554281e-01 2.350519292366919921e-01 2.202526077885836875e-01 2.326824144168659625e-01 3.168144070518098543e-01 4.577099689794519310e-01 3.729709252892277060e-01 1.427613682955496954e-01 2.406900367703106169e-01 3.912847401514592538e-01 3.126510675584133758e-01 3.653368340665298364e-01 2.806732105509383013e-01 2.680548422628680760e-01 3.576387597346608604e-01 2.971161964866474992e-01 1.541891591267303130e-01 5.409069648401664265e-01 4.242919791521734818e-01 3.964488006410708532e-01 1.812607022445366367e-01 4.520617514499771783e-01 3.265868411888147582e-01 3.998255984772435823e-01 3.680255087181725226e-01 1.247838369488431104e-01 2.714532492983751100e-01 3.055157800401180901e-01 1.841051107167905598e-01 1.698118813891581202e-01 2.531216794817041649e-01 3.404526887509391475e-01 2.955537939111936852e-01 1.759880399367929893e-01 1.314083169528098838e-01 4.153620226469822430e-01 3.775583052288004060e-01 2.368098592024457105e-01 3.960505900574320393e-01 3.402789081995019060e-01 2.358178319006667412e-01 4.079509924899042961e-01 3.396146133934144218e-01 2.804304675581918982e-01 4.353877122614585593e-01 4.108101536296890899e-01 5.191364050370629313e-01 1.946702686694655737e-01 1.389934885245775742e-01 5.010406962170290690e-01 3.025740431917802176e-01 3.613366123256416262e-01 2.457072560073558787e-01 1.140185544063840595e-01
5.795934345780748287e-02 9.999999999999998890e-01 1.536571240056911480e-01 1.831751513729641678e-02 8.962917194952174649e-02 2.037024645428681946e-01 1.572876182632084938e-02 5.639426449475977432e-02 5.059806301040016552e-02 9.885558978435424193e-02 1.779108583761570550e-01 3.340225571767544560e-02 2.521775412718140763e-01 1.560703526985106337e-01 7.598157397735955110e-02 1.616847520760021639e-01 1.109818748922768994e-01 1.115478237424114977e-01 9.666587963675327133e-02 1.956677012283691008e-01 1.911462549849165804e-01 2.024146889360257384e-01 3.360507274626466090e-02 8.713999530428293006e-02 1.317106330023031513e-01 2.315029807510962379e-01 1.926493487289747675e-01 1.345332096294393487e-01 6.801123430255898161e-02 1.106904476905927887e-01 4.487364903009441464e-02 2.552356822326396490e-01 1.186001555698878579e-01 9.539275356946259887e-02 4.776152282194434662e-01 7.201111197969331523e-02 6.872336834536178773e-02 4.926216043857369747e-02 2.352822782861472839e-01 5.717523445527350479e-02 2.729051260762144215e-01 8.728059891049423646e-02 1.212892704993883408e-01 2.590774696320106707e-01 1.080240343706485723e-01 1.326206973413591450e-01 8.904149431269364756e-02 1.737611903790677315e-01 1.181143732010669772e-01 1.528678590287232131e-01 1.165232476992434235e-01 5.019744880334205822e-02 1.821306565111747988e-01 2.517232537226007927e-02 1.174874121668399163e-01 1.483821563383496689e-01 5.886240325859486838e-02
4.090421784848703446e-01 1.536571240056911480e-01 1.000000000000000222e+00 3.900291363967317015e-01 4.085172596126953604e-01 4.423800889765730493e-01 2.277460409028254362e-01 3.926005558611771473e-01 3.362869444769706062e-01 3.665878288566713494e-01 3.830391313166196521e-01 2.745087026180811907e-01 5.261612222703073716e-01 5.814684418143735156e-01 4.443043293073067335e-01 5.078611782200714853e-01 4.547485400144210543e-01 3.489082902031989120e-01 4.365194377992706598e-01 4.057743838230299382e-01 6.499291788336184483e-01 6.508969888464108955e-01 3.424154832615550759e-01 3.550595307404940115e-01 6.154911947663693761e-01 7.261069704441285300e-01 6.747757554406821345e-01 4.129491996511158725e-01 3.900941124211263489e-01 2.983628630065561782e-01 1.767762761955384010e-01 4.703584844828105349e-01 4.124780135338885212e-01 4.407747358937024185e-01 5.195372727194167428e-01 5.365610130310589643e-01 3.473526254936495361e-01 2.842333337187112341e-01 5.692911072752575574e-01 3.843564951335464719e-01 5.742029441559394209e-01 4.760616846453167295e-01 4.062260843841865032e-01 6.156447691927694477e-01 6.468094564771171839e-01 4.673459670109175179e-01 4.431244438815581943e-01 6.655334113713494704e-01 6.390918258639770588e-01 7.596548619466285679e-01 2.696750410771241446e-01 4.184943364693987644e-01 6.408769081453411509e-01 2.942826993100676747e-01 4.995063229135211502e-01 2.508664443152558987e-01 2.380358145070195219e-01
1.349145590901554281e-01 1.831751513729641678e-02 3.900291363967317015e-01 1.000000000000000000e+00 1.209792687307890968e-01 3.439552979457146109e-01 8.574200731993061875e-02 1.280783645965308803e-01 8.292658102635074024e-02 1.268474945229360884e-01 3.639181043279935968e-01 1.108712594476332497e-01 1.657246814170249827e-01 1.885023629272262746e-01 2.141732368971372147e-01 1.916042736386900092e-01 4.286870179155850002e-01 1.472074621936479699e-01 1.559881600481695385e-01 3.737122687490417872e-01 2.147054145146722604e-01 1.809594606459187793e-01 1.047719891397056041e-01 1.109695605851203498e-01 1.383886034685139765e-01 3.854369645816468348e-01 3.149154270823331103e-01 2.235159844973278742e-01 6.279195333886929131e-02 1.674679460096240857e-01 1.151072382539698041e-01 3.435909151074649781e-01 4.877165438549946330e-01 9.832851214924316630e-02 2.583741255074984422e-01 1.362676375770501824e-01 3.682934811406581854e-01 1.264506642411984683e-01 2.702081912847513756e-01 2.064179433245445228e-01 4.472231263866286444e-01 1.194990615146461072e-01 1.728613257978181272e-01 5.313028776055749303e-01 2.827472911235967001e-01 1.704276361051477451e-01 1.553610066248420074e-01 2.797411560096019767e-01 2.596303919881066125e-01 2.833298086119304671e-01 1.080097834974866472e-01 2.514428339127710021e-01 2.210587291514581887e-01 1.383474482615806300e-01 1.468358237070822858e-01 1.391775583294829755e-01 7.662482939171920415e-02
2.350519292366919921e-01 8.962917194952174649e-02 4.085172596126953604e-01 1.209792687307890968e-01 1.000000000000000000e+00 2.384256735232298252e-01 8.742784726273264417e-02 1.463410429093947029e-01 1.537612518306448461e-01 2.265345756137895905e-01 1.708047021228562834e-01 2.014838593916783160e-01 2.713800883113886564e-01 2.708969757071930107e-01 2.601589781138758384e-01 2.529341267116484993e-01 2.478396141375043549e-01 1.787832122527706069e-01 1.961086411547091624e-01 1.897112092526216653e-01 3.871347083230344821e-01 2.406185114401730718e-01 1.649163141488256268e-01 1.282216293080997715e-01 2.554919062240069705e-01 2.440675456781709052e-01 3.244879724079276495e-01 2.695694512247859831e-01 4.238074434824617986e-01 1.757346621914160911e-01 9.114053736443100684e-02 1.683520409852126698e-01 2.138139425406173078e-01 3.579391392802122596e-01 1.925062090907510015e-01 2.326878865531579466e-01 1.387627610342636320e-01 1.063990992868534546e-01 2.654799048959624042e-01 2.595710963135626215e-01 2.550020565398100070e-01 1.676510157648870569e-01 2.230181408818395217e-01 2.461359478220696007e-01 2.967267292606797224e-01 2.836204752147865604e-01 2.925603399367642798e-01 3.237998322529763717e-01 3.343961573879166149e-01 3.702733679450517235e-01 2.021365161319562953e-01 4.608145743569643793e-01 3.453976838342975308e-01 1.628469729663771237e-01 2.624256605892698602e-01 1.919912689397891281e-01 1.323029455144910105e-01
2.202526077885836875e-01 2.037024645428681946e-01 4.423800889765730493e-01 3.439552979457146109e-01 2.384256735232298252e-01 1.000000000000000000e+00 1.231622390409080059e-01 3.172142276580360298e-01 1.320285277033592664e-01 2.862263233965052778e-01 5.682676872942314938e-01 3.844939291848641361e-01 4.239025044742607551e-01 4.800737361221565913e-01 2.617442025294431374e-01 3.340436604656771280e-01 4.714536458857869761e-01 3.012095711402493770e-01 2.665171707901264897e-01 6.486660094183646086e-01 4.706335828772914565e-01 2.914778405240991965e-01 2.685796130357970268e-01 2.385220725881392889e-01 2.830613257452398446e-01 5.189144667200202843e-01 3.735417297446128604e-01 2.518822350456197401e-01 3.182946738203797366e-01 2.319319422422503607e-01 3.033063128392716745e-01 7.810539763663622015e-01 7.583532883239206823e-01 2.604906777374185189e-01 4.226942842422760638e-01 2.527677716032050159e-01 2.867221200043099660e-01 2.687438847904079497e-01 3.789797845194992076e-01 2.311169108374900860e-01 3.970719438390382661e-01 1.808369389849589781e-01 2.717012731531288083e-01 6.342241398650654283e-01 3.060999114587113490e-01 3.150254997662411682e-01 3.580382455130126096e-01 5.419314332611383511e-01 3.260485363664429870e-01 4.390127843557019016e-01 3.277160988911257955e-01 3.149767445979821945e-01 4.474783392369675039e-01 2.839937049687371595e-01 3.685619249119888030e-01 1.691439606815708929e-01 3.356189857800844778e-01
2.326824144168659625e-01 1.572876182632084938e-02 2.277460409028254362e-01 8.574200731993061875e-02 8.742784726273264417e-02 1.231622390409080059e-01 1.000000000000000222e+00 1.821469551529393549e-01 1.038736946691668633e-01 4.535728079638136068e-01 1.055453839851952097e-01 6.774398221011358745e-02 1.631789031198904727e-01 2.141917548414353500e-01 1.878920244264916106e-01 2.501316685021545694e-01 1.339998420580754690e-01 2.916388109046995636e-01 1.904255151475630903e-01 8.142312270125541540e-02 3.314526113754699410e-01 1.309783925585339404e-01 1.771428142704335185e-01 2.159558883460372947e-01 1.439988299958411266e-01 2.242085912846226714e-01 2.525377898536354526e-01 1.654640324688816111e-01 1.253608118837870600e-01 1.554153824675784390e-01 1.528611296960820376e-01 1.512861067115168490e-01 1.689197003470051528e-01 1.285426865259761409e-01 2.014185706775737938e-01 2.392327467720248013e-01 1.565934561854865625e-01 3.241162435802475983e-01 2.615959074072648494e-01 2.516346478013880006e-01 1.047069863786838639e-01 1.182688740623025897e-01 1.695558620591782195e-01 2.072568421186501142e-01 1.833549882622827476e-01 1.948516465279940824e-01 1.368065970625368388e-01 2.696565344226372063e-01 2.265615273038560362e-01 2.630147657067546940e-01 1.472660215612660861e-01 7.831395727483572711e-02 2.783332963193523857e-01 1.512000118784087577e-01 1.559237029937974583e-01 1.353589648444083193e-01 7.957120000440000285e-02
3.168144070518098543e-01 5.639426449475977432e-02 3.926005558611771473e-01 1.280783645965308803e-01 1.463410429093947029e-01 3.172142276580360298e-01 1.821469551529393549e-01 1.000000000000000222e+00 1.337604175721208433e-01 2.732793534878357744e-01 4.010579727669858485e-01 1.551566686818617591e-01 2.343453664532750558e-01 3.221056599854076885e-01 2.203520212728682093e-01 2.762636674613439536e-01 1.844822544181069224e-01 2.687124195260156556e-01 2.866749942476019553e-01 3.094378470940623016e-01 3.488228795311895114e-01 2.175973365489397571e-01 2.027749126342650032e-01 2.626119338642223244e-01 2.184120934059484986e-01 2.007141857927942363e-01 2.527706252069036874e-01 2.167198376222879419e-01 1.837573028211225978e-01 1.752688793676456247e-01 1.738458195513626070e-01 4.369686426036268334e-01 3.558157806519700039e-01 1.588989475146620756e-01 3.385131827513997993e-01 2.204291806665286957e-01 2.551285941687927994e-01 1.509687701265735593e-01 2.921243539926711152e-01 3.134010792118498978e-01 3.368857448907351948e-01 1.461108896516842004e-01 1.593963688978272675e-01 3.560550441454710113e-01 2.681339786255657054e-01 3.281730593007721741e-01 2.464661238796513887e-01 3.366722937910526237e-01 2.800318555723592673e-01 3.421544004228567193e-01 2.079995614942450055e-01 1.731173293850155892e-01 3.529923912021917798e-01 2.170369002873131226e-01 3.072359123534753600e-01 8.369938402225113316e-02 1.758904945549713827e-01
4.577099689794519310e-01 5.059806301040016552e-02 3.362869444769706062e-01 8.292658102635074024e-02 1.537612518306448461e-01 1.320285277033592664e-01 1.038736946691668633e-01 1.337604175721208433e-01 1.000000000000000000e+00 2.340463888015859029e-01 1.073710177237190838e-01 1.272187832503412497e-01 1.889307118506015903e-01 1.765002644900977857e-01 2.611083452755760259e-01 1.988067773314592945e-01 2.064216843291130365e-01 2.267839597422156850e-01 1.486308665637309234e-01 8.807636929759762867e-02 3.925804057492092713e-01 4.618624410845231232e-01 2.415624157522650306e-01 8.814877247713615027e-02 6.690895744910184684e-01 2.513192017124588062e-01 4.741984177133781730e-01 3.285085582505956614e-01 8.884365729737589423e-02 1.245897132373382232e-01 1.389409545791673861e-01 8.868272132644013095e-02 1.214136451198331579e-01 5.250319238349460127e-01 2.530094388480755296e-01 3.441846146608067425e-01 1.061847681747477012e-01 1.674120234344344260e-01 3.884410345929721342e-01 2.288428693706472672e-01 1.581290518431698044e-01 6.855598754527471028e-01 2.386963228253301816e-01 1.441536461047456530e-01 3.430541062380996764e-01 1.921624873963907465e-01 2.030366417905683785e-01 3.491058858244396879e-01 2.812557193170483472e-01 4.738058351425593062e-01 1.441145700585285683e-01 1.235787679737647832e-01 3.611643216767306819e-01 1.593695544217990645e-01 2.829955651118906124e-01 5.434783049019643597e-01 8.692078159257529690e-02
3.729709252892277060e-01 9.885558978435424193e-02 3.665878288566713494e-01 1.268474945229360884e-01 2.265345756137895905e-01 2.862263233965052778e-01 4.535728079638136068e-01 2.732793534878357744e-01 2.340463888015859029e-01 9.999999999999998890e-01 1.459227371646397153e-01 2.070977275927236572e-01 2.441686737952626363e-01 4.457252952654593425e-01 3.552141426217980125e-01 4.107519838632706088e-01 2.478750975304972182e-01 7.410598174568822083e-01 3.751962762955071140e-01 1.289361353807983723e-01 6.165393020626592779e-01 3.882273995223535223e-01 3.902365899703815755e-01 3.594900880009605504e-01 3.651103138546064608e-01 3.282521671965273891e-01 4.741175970413697982e-01 3.007387558013842055e-01 1.935636309073281991e-01 3.415612575834180986e-01 3.194076371992724539e-01 2.335981686661193490e-01 2.277348419119966938e-01 2.540855749697457644e-01 3.021815463224656328e-01 3.482954784225604783e-01 1.962662545943033576e-01 3.554560723458078386e-01 4.134411023848769684e-01 3.135149095315486467e-01 2.025661320352576122e-01 2.839620472302797349e-01 3.437485559178943828e-01 3.227600657670212647e-01 4.284159541300378571e-01 2.494233009166567094e-01 2.554333977129090161e-01 4.939351284503707418e-01 4.167521909890842813e-01 4.861636348091290527e-01 3.084712945277279794e-01 1.718763953571292857e-01 4.632167723534075243e-01 3.347441830047346856e-01 3.552045304665572556e-01 2.615118642413541417e-01 1.646412014978062555e-01
1.427613682955496954e-01 1.779108583761570550e-01 3.830391313166196521e-01 3.639181043279935968e-01 1.708047021228562834e-01 5.682676872942314938e-01 1.055453839851952097e-01 4.010579727669858485e-01 1.073710177237190838e-01 1.459227371646397153e-01 1.000000000000000000e+00 1.664149858943228533e-01 3.882631298064306846e-01 2.579888667512659772e-01 2.179080644320683657e-01 1.860714454331530432e-01 2.268668350693898994e-01 1.679345051397218846e-01 1.456250967206036973e-01 8.572209513068935749e-01 2.398806904742531443e-01 1.838917875549692382e-01 1.345740144127024196e-01 1.645869748080854289e-01 1.748961944639921551e-01 3.952543762133636229e-01 2.796090079839468334e-01 1.796192191787936154e-01 1.094162044015412616e-01 1.509632286475729446e-01 1.190754153163026408e-01 6.637953015497026765e-01 6.560601203774718559e-01 1.531600662597199236e-01 3.087684456957286994e-01 1.573639248142802149e-01 2.160212689625050086e-01 1.391173959781827896e-01 3.026386873585450998e-01 2.094309180757581990e-01 4.989561323893877409e-01 1.175514387511522596e-01 2.129765931166395787e-01 4.140350220872626719e-01 2.488668042165113059e-01 2.295381234397631254e-01 1.739169418535671252e-01 2.973450992177929519e-01 2.471131759866487532e-01 2.700685738713926032e-01 1.191818363961622412e-01 1.339335943339672319e-01 2.448500521173168631e-01 1.530775826457375088e-01 1.843635188584610285e-01 1.404106220966247487e-01 2.550263323503375590e-01
2.406900367703106169e-01 3.340225571767544560e-02 2.745087026180811907e-01 1.108712594476332497e-01 2.014838593916783160e-01 3.844939291848641361e-01 6.774398221011358745e-02 1.551566686818617591e-01 1.272187832503412497e-01 2.070977275927236572e-01 1.664149858943228533e-01 1.000000000000000000e+00 2.482158306074589149e-01 2.319808144874511147e-01 2.163509568561907404e-01 1.973504004189190753e-01 3.452020175387264800e-01 2.446093627668144699e-01 1.190115910579948449e-01 3.178002990383684279e-01 2.757771740252977222e-01 1.919478890065133003e-01 3.349339672490698749e-01 1.347375803253767768e-01 1.810927765643980392e-01 1.951676738974820469e-01 2.263328950543688767e-01 1.832448910554830002e-01 1.418831427006666535e-01 1.314272593480874662e-01 3.435757328548313949e-01 3.075597696224500188e-01 3.338316468805788695e-01 1.971479240739061056e-01 1.332945292596349196e-01 1.523773947512945537e-01 1.125908166875821681e-01 1.571260814949049789e-01 2.595982386478883908e-01 2.185550490707367233e-01 1.831248511359436781e-01 1.318088337275310773e-01 2.837608318653817019e-01 3.420363142302670911e-01 2.374870174971278336e-01 2.075695882222718391e-01 4.168958464588973234e-01 2.729463925649776579e-01 3.133421445158967589e-01 3.210699420701666473e-01 1.369675769735135828e-01 1.699409270175872844e-01 2.740894586186810589e-01 2.018472368194410560e-01 2.388544188768807475e-01 1.488350189532412216e-01 1.117630012844862269e-01
3.912847401514592538e-01 2.521775412718140763e-01 5.261612222703073716e-01 1.657246814170249827e-01 2.713800883113886564e-01 4.239025044742607551e-01 1.631789031198904727e-01 2.343453664532750558e-01 1.889307118506015903e-01 2.441686737952626363e-01 3.882631298064306846e-01 2.482158306074589149e-01 9.999999999999997780e-01 4.458091844799229042e-01 3.196267113589328912e-01 4.025792984830673382e-01 4.858665151817433414e-01 2.590336021531864374e-01 2.890971585349612627e-01 4.507622866661660233e-01 5.427455462575497824e-01 3.925586029021518319e-01 2.859067670006966155e-01 1.643160198805243000e-01 3.927226717957421620e-01 5.975245894892372567e-01 4.916594220596754439e-01 3.913309740083571464e-01 2.433081103843043047e-01 3.141827885332664216e-01 2.520076703533809526e-01 3.620747361710442425e-01 3.577357435673188535e-01 3.100258878508954652e-01 3.559247545486348141e-01 3.456169243979042571e-01 2.142935956512206364e-01 1.646193785529531661e-01 4.133977879497200414e-01 4.547637342624251122e-01 4.354863558479862840e-01 1.906840783646311099e-01 3.824554142968781822e-01 4.455822520272921805e-01 3.918515652465806021e-01 5.969078379865394579e-01 4.223938330081308812e-01 5.315272256336927015e-01 4.502375629796090961e-01 5.341085411621029344e-01 3.469062358851902061e-01 2.424220798535773047e-01 6.517298381839378152e-01 3.227409404462963094e-01 4.625474587278660121e-01 3.174918271120102942e-01 3.815667956818708517e-01
3.126510675584133758e-01 1.560703526985106337e-01 5.814684418143735156e-01 1.885023629272262746e-01 2.708969757071930107e-01 4.800737361221565913e-01 2.141917548414353500e-01 3.221056599854076885e-01 1.765002644900977857e-01 4.457252952654593425e-01 2.579888667512659772e-01 2.319808144874511147e-01 4.458091844799229042e-01 1.000000000000000000e+00 3.578984595397102786e-01 6.060825302235325340e-01 3.564204732259979580e-01 4.029610963686278136e-01 5.224002028709088252e-01 2.917317510423910742e-01 6.307477274856007066e-01 6.066137766904677875e-01 2.611839757210606683e-01 5.589784919324634060e-01 4.585232564380590792e-01 5.848350449989331290e-01 5.699859706297626394e-01 3.596909247495586603e-01 2.464617659040295727e-01 3.151936192544850246e-01 2.133653043224359447e-01 4.024827955302471283e-01 3.293536493213947702e-01 3.087791039821158323e-01 4.883482383772265734e-01 6.076171797695799626e-01 3.105055759452660102e-01 4.112687809204501055e-01 4.787188500551543546e-01 3.616504065909564303e-01 3.615018095923397401e-01 3.318229466628879742e-01 4.185467760245883961e-01 5.349865375876899920e-01 6.731544456220703854e-01 3.943259757288439804e-01 4.436930451109918350e-01 6.145139642084057607e-01 4.471281717139707346e-01 5.807919977519885313e-01 3.261296503306468919e-01 2.306941810007884230e-01 5.744437916817929368e-01 3.021119443438881613e-01 4.556801163896478379e-01 1.973552625705773389e-01 2.358511967783733232e-01
3.653368340665298364e-01 7.598157397735955110e-02 4.443043293073067335e-01 2.141732368971372147e-01 2.601589781138758384e-01 2.617442025294431374e-01 1.878920244264916106e-01 2.203520212728682093e-01 2.611083452755760259e-01 3.552141426217980125e-01 2.179080644320683657e-01 2.163509568561907404e-01 3.196267113589328912e-01 3.578984595397102786e-01 1.000000000000000000e+00 3.443194863991825838e-01 3.169003157103310042e-01 3.344691676445844530e-01 2.597734729719399227e-01 2.133929700695123000e-01 4.799290456328107468e-01 3.261585959417672709e-01 3.000573032991823985e-01 1.943486560037915312e-01 3.269487526013022394e-01 3.469606690470366517e-01 4.527803987513748241e-01 4.373966175800971246e-01 1.858741514649140114e-01 2.531884362458319271e-01 1.396637695644956101e-01 2.079197405129447895e-01 2.311202941367147268e-01 3.736804594934159396e-01 3.071339921021209451e-01 2.839520817360551286e-01 2.533886123322938166e-01 1.900052634835248389e-01 4.404290309551653904e-01 4.171239622495291899e-01 2.614911761664138745e-01 2.704544211123588449e-01 4.029041549507071940e-01 2.829139759632305351e-01 4.692141033565560559e-01 3.764404776463982083e-01 3.463674250769181451e-01 3.770829778053905179e-01 4.442738860576461724e-01 4.961014326262914720e-01 2.162846839264276344e-01 2.361198996657571381e-01 4.633916360038979332e-01 2.748667101882948938e-01 3.791854740591451001e-01 3.255135831767747567e-01 1.465357833815941757e-01
2.806732105509383013e-01 1.616847520760021639e-01 5.078611782200714853e-01 1.916042736386900092e-01 2.529341267116484993e-01 3.340436604656771280e-01 2.501316685021545694e-01 2.762636674613439536e-01 1.988067773314592945e-01 4.107519838632706088e-01 1.860714454331530432e-01 1.973504004189190753e-01 4.025792984830673382e-01 6.060825302235325340e-01 3.443194863991825838e-01 1.000000000000000000e+00 2.955268012303832181e-01 3.584691513516687356e-01 4.261719507214231095e-01 1.921787995906888979e-01 6.073573959982268011e-01 6.035983542956256942e-01 2.582659783194682368e-01 4.158788779994898599e-01 4.687907287966409653e-01 5.095847846837489037e-01 5.483060008022914156e-01 3.451509604641926909e-01 2.058241318699678413e-01 3.177492037410884484e-01 2.361889325195763445e-01 3.184999329287064862e-01 2.441464558972444299e-01 3.530026603351600900e-01 4.233702171199509867e-01 5.658459287319946851e-01 3.696338839968549839e-01 3.956010980543847033e-01 4.666531054889453412e-01 3.308984011570321737e-01 2.976344471805744130e-01 3.239095942138702222e-01 2.817610677733823898e-01 4.633274492979911341e-01 6.450691198752378508e-01 3.851207445241630611e-01 4.835664869519646913e-01 5.112115133049000004e-01 4.508030585383596134e-01 5.369354156569220438e-01 3.157846265706271138e-01 2.439647141760697135e-01 5.772809350895512503e-01 2.955509687540730512e-01 3.454401696120364962e-01 2.834030448478001563e-01 2.381062838668051573e-01
2.680548422628680760e-01 1.109818748922768994e-01 4.547485400144210543e-01 4.286870179155850002e-01 2.478396141375043549e-01 4.714536458857869761e-01 1.339998420580754690e-01 1.844822544181069224e-01 2.064216843291130365e-01 2.478750975304972182e-01 2.268668350693898994e-01 3.452020175387264800e-01 4.858665151817433414e-01 3.564204732259979580e-01 3.169003157103310042e-01 2.955268012303832181e-01 1.000000000000000000e+00 2.438103073134779974e-01 2.312042586142145084e-01 3.220130490981584215e-01 4.110394481778878450e-01 3.118800681134814012e-01 2.478387453751010328e-01 1.449258466475439877e-01 2.915784543287249786e-01 5.143292018434891810e-01 4.050359822771839036e-01 4.291780907634218933e-01 2.712661001038370046e-01 2.399484458364206652e-01 1.644375996439139398e-01 3.578815938626919158e-01 4.932234715725055119e-01 2.976497827108045002e-01 3.439519753584645012e-01 2.540794524206413385e-01 3.489910037452682579e-01 1.735602064673729961e-01 3.769673645162280318e-01 2.966240857590620728e-01 3.490676666192802924e-01 1.956188630352634072e-01 2.914448558736182360e-01 6.210049591095417876e-01 3.869566791775915782e-01 3.615048250416584841e-01 4.772806730472650139e-01 4.785295556033029030e-01 3.205438655659555436e-01 4.850054487152495875e-01 2.475421036715218237e-01 2.658405027040057211e-01 4.381609053642860907e-01 2.730194303769281627e-01 4.108331334667390533e-01 2.171421437053918380e-01 1.833578902811423550e-01
3.576387597346608604e-01 1.115478237424114977e-01 3.489082902031989120e-01 1.472074621936479699e-01 1.787832122527706069e-01 3.012095711402493770e-01 2.916388109046995636e-01 2.687124195260156556e-01 2.267839597422156850e-01 7.410598174568822083e-01 1.679345051397218846e-01 2.446093627668144699e-01 2.590336021531864374e-01 4.029610963686278136e-01 3.344691676445844530e-01 3.584691513516687356e-01 2.438103073134779974e-01 1.000000000000000000e+00 3.335080954273660359e-01 1.625017438999106500e-01 5.272384077915497347e-01 3.646931504398224222e-01 3.925860779963549763e-01 2.921524441652193493e-01 3.574436332522853976e-01 3.433633777462647974e-01 4.141010491733963517e-01 3.030084855517206632e-01 1.808110403368868857e-01 2.830469435716896909e-01 3.629987299218899177e-01 2.251815406157849642e-01 2.015261388422494859e-01 2.356964592933789293e-01 2.482468342754184099e-01 2.548538039137772659e-01 1.455242161258319955e-01 2.639582210139729823e-01 4.172033068327850591e-01 2.726975700330870334e-01 2.240231288261730347e-01 2.386855494010039214e-01 3.124812989626288284e-01 2.927343391738202460e-01 3.714087924649658312e-01 2.342902758737542834e-01 2.579890041450325078e-01 3.967813499984289005e-01 3.919064742356840325e-01 4.588627617727275010e-01 3.066428119659895812e-01 1.568432955756766389e-01 4.396053911614712373e-01 3.692806261277220559e-01 3.566067548035665724e-01 2.437083594070557635e-01 1.075474687510965949e-01
2.971161964866474992e-01 9.666587963675327133e-02 4.365194377992706598e-01 1.559881600481695385e-01 1.961086411547091624e-01 2.665171707901264897e-01 1.904255151475630903e-01 2.866749942476019553e-01 1.486308665637309234e-01 3.751962762955071140e-01 1.456250967206036973e-01 1.190115910579948449e-01 2.890971585349612627e-01 5.224002028709088252e-01 2.597734729719399227e-01 4.261719507214231095e-01 2.312042586142145084e-01 3.335080954273660359e-01 1.000000000000000222e+00 1.158611288083639806e-01 4.425200644952883566e-01 4.277659832678406548e-01 2.514543440875238733e-01 4.477733229665458725e-01 4.565136032014389111e-01 4.416621777245565150e-01 4.287364524989378256e-01 3.172423229818590040e-01 1.565472642586641649e-01 3.591805540412443820e-01 1.557243788674974871e-01 2.515973405360888981e-01 1.579482820495679285e-01 1.944102908590789047e-01 3.768503460577911635e-01 4.403246421070949324e-01 2.109740957553006557e-01 2.786103647466923738e-01 3.905530687214480712e-01 3.213746831555381878e-01 2.047281719159933788e-01 2.817477424974657585e-01 2.973888497279417176e-01 3.325112034122499893e-01 5.490477337573463901e-01 4.233765421199967016e-01 3.199455079503008559e-01 4.408862197694192187e-01 3.426454423752169909e-01 3.620434188023439193e-01 4.290807485950474121e-01 2.671657534840087278e-01 4.569128477525555843e-01 3.185254979282213239e-01 3.603232694758968235e-01 1.602301754597516836e-01 3.419125717366853778e-01
1.541891591267303130e-01 1.956677012283691008e-01 4.057743838230299382e-01 3.737122687490417872e-01 1.897112092526216653e-01 6.486660094183646086e-01 8.142312270125541540e-02 3.094378470940623016e-01 8.807636929759762867e-02 1.289361353807983723e-01 8.572209513068935749e-01 3.178002990383684279e-01 4.507622866661660233e-01 2.917317510423910742e-01 2.133929700695123000e-01 1.921787995906888979e-01 3.220130490981584215e-01 1.625017438999106500e-01 1.158611288083639806e-01 9.999999999999998890e-01 2.584569977378475270e-01 2.133100418450757374e-01 1.207043561742726367e-01 1.331831611580935326e-01 1.707572466005282674e-01 4.692134763480154125e-01 2.898082378883415910e-01 1.737155630862409206e-01 1.299690249394283570e-01 1.057469411647780216e-01 1.718135995325348331e-01 6.695131974005614772e-01 6.792465475278921527e-01 1.631654762438508877e-01 2.921991155977714527e-01 1.331943583518389040e-01 1.996228593072694457e-01 1.176820413128750187e-01 2.979781183797297062e-01 1.964659439080653214e-01 5.021898111318274793e-01 1.123820250702411150e-01 2.246385215997331597e-01 4.783449555836285505e-01 2.283686793101581958e-01 2.510080306206222689e-01 1.872036852837065390e-01 3.382164200247887997e-01 2.401679886018057708e-01 2.953967262140660410e-01 1.332720043733352233e-01 1.578195759157890732e-01 2.628565974903309677e-01 1.364517181604391061e-01 1.957772328251249638e-01 1.076015404458897234e-01 2.338465857100057166e-01
5.409069648401664265e-01 1.911462549849165804e-01 6.499291788336184483e-01 2.147054145146722604e-01 3.871347083230344821e-01 4.706335828772914565e-01 3.314526113754699410e-01 3.488228795311895114e-01 3.925804057492092713e-01 6.165393020626592779e-01 2.398806904742531443e-01 2.757771740252977222e-01 5.427455462575497824e-01 6.307477274856007066e-01 4.799290456328107468e-01 6.073573959982268011e-01 4.110394481778878450e-01 5.272384077915497347e-01 4.425200644952883566e-01 2.584569977378475270e-01 9.999999999999998890e-01 6.205378385966817678e-01 4.390883555763701596e-01 4.009091027027550380e-01 6.070171637928855057e-01 6.242356526427629282e-01 6.929585424927455772e-01 4.144181428644347354e-01 3.985332947972815565e-01 3.389146107886036319e-01 3.673763055783522136e-01 3.935447437895595590e-01 3.250335363077731521e-01 4.894604442642973008e-01 5.359786541557980399e-01 5.690096099080415026e-01 3.663904799601753193e-01 4.099079513540003217e-01 6.307368077502329973e-01 4.503915343953204808e-01 3.789087095582210352e-01 4.439882433619624647e-01 4.354337591456560741e-01 5.207407390413593129e-01 6.049260195177186272e-01 5.064039778065131392e-01 4.624312086788220921e-01 7.489410456488120316e-01 6.170002794871053409e-01 7.438290066570106829e-01 5.191436968748364134e-01 3.877723371619351544e-01 7.447936293490547977e-01 4.593043639084728458e-01 5.355456499513021607e-01 3.685086617305503021e-01 2.856515732064552893e-01
4.242919791521734818e-01 2.024146889360257384e-01 6.508969888464108955e-01 1.809594606459187793e-01 2.406185114401730718e-01 2.914778405240991965e-01 1.309783925585339404e-01 2.175973365489397571e-01 4.618624410845231232e-01 3.882273995223535223e-01 1.838917875549692382e-01 1.919478890065133003e-01 3.925586029021518319e-01 6.066137766904677875e-01 3.261585959417672709e-01 6.035983542956256942e-01 3.118800681134814012e-01 3.646931504398224222e-01 4.277659832678406548e-01 2.133100418450757374e-01 6.205378385966817678e-01 9.999999999999998890e-01 2.776931835036923202e-01 3.566171843963432675e-01 7.274192200801701258e-01 5.947437450041295204e-01 6.544284890457778836e-01 3.565263520552917065e-01 1.902318904744228767e-01 2.476236256107341438e-01 1.363831729407050664e-01 2.805827851258828054e-01 2.127272149368866216e-01 3.854585661928205398e-01 4.797397363236172718e-01 5.513985899513637046e-01 2.713040646506666431e-01 2.760962964193212632e-01 5.228613913927065981e-01 3.087321031914748715e-01 3.610506971305046386e-01 6.745881868682307436e-01 3.973639638935935192e-01 4.328977379169217654e-01 7.304431457214040080e-01 3.291457349415113365e-01 3.421249872520719659e-01 5.370904361370233415e-01 4.812716962858090697e-01 6.431941440727649839e-01 2.246900868879959379e-01 1.884426736119859669e-01 5.767666111355255198e-01 2.500484920353851503e-01 3.626980163055297801e-01 3.122167857427226578e-01 1.702948396831829581e-01
3.964488006410708532e-01 3.360507274626466090e-02 3.424154832615550759e-01 1.047719891397056041e-01 1.649163141488256268e-01 2.685796130357970268e-01 1.771428142704335185e-01 2.027749126342650032e-01 2.415624157522650306e-01 3.902365899703815755e-01 1.345740144127024196e-01 3.349339672490698749e-01 2.859067670006966155e-01 2.611839757210606683e-01 3.000573032991823985e-01 2.582659783194682368e-01 2.478387453751010328e-01 3.925860779963549763e-01 2.514543440875238733e-01 1.207043561742726367e-01 4.390883555763701596e-01 2.776931835036923202e-01 1.000000000000000222e+00 1.951178427645911262e-01 3.037418845424686431e-01 2.615665483572747196e-01 3.546148083434071396e-01 3.149649928587109904e-01 1.732582666962323714e-01 1.753342252236582410e-01 2.687274257488979634e-01 1.975125603350669223e-01 1.890067385766281416e-01 2.675060622050478565e-01 1.666004902202684046e-01 2.652227726090400362e-01 1.361876397466259547e-01 2.358440333917512510e-01 3.396433215495731073e-01 2.869928383987722653e-01 1.970933719786058247e-01 2.055442421224402960e-01 4.044749607922074053e-01 2.833878622762466271e-01 3.009391316038994568e-01 2.799421996033955029e-01 2.967902439621887822e-01 3.525273433361230668e-01 4.773481329269217421e-01 4.408830122260249951e-01 2.630929371400213546e-01 1.914457392021283455e-01 4.134222569368768418e-01 3.070863380512508511e-01 3.685586033192413402e-01 2.204203526940497759e-01 1.670976715814145863e-01
1.812607022445366367e-01 8.713999530428293006e-02 3.550595307404940115e-01 1.109695605851203498e-01 1.282216293080997715e-01 2.385220725881392889e-01 2.159558883460372947e-01 2.626119338642223244e-01 8.814877247713615027e-02 3.594900880009605504e-01 1.645869748080854289e-01 1.347375803253767768e-01 1.643160198805243000e-01 5.589784919324634060e-01 1.943486560037915312e-01 4.158788779994898599e-01 1.449258466475439877e-01 2.921524441652193493e-01 4.477733229665458725e-01 1.331831611580935326e-01 4.009091027027550380e-01 3.566171843963432675e-01 1.951178427645911262e-01 1.000000000000000000e+00 2.737185035662020316e-01 3.682508424270383718e-01 3.762196446870006983e-01 1.967615590503461187e-01 1.831221629919738692e-01 2.607570288036152872e-01 1.247828350909184342e-01 2.025552850975834707e-01 1.630532871996406008e-01 1.501894679033652369e-01 3.712419680468879712e-01 4.649112383982088592e-01 1.786334327251589971e-01 5.586599520597674839e-01 2.217613618208563453e-01 1.811249733431386233e-01 1.820404034857090181e-01 2.278685429912665483e-01 1.600095474188429345e-01 4.225512474951963471e-01 4.246433747108724899e-01 1.701837614322946057e-01 2.258307473382384634e-01 4.391652709583560577e-01 2.269265325362726793e-01 3.050410959729484284e-01 1.814746880814218366e-01 1.860599143954170809e-01 3.024091178210749353e-01 1.334612435723050716e-01 2.091149994440685000e-01 1.665674376310358473e-01 9.481581074207057203e-02
4.520617514499771783e-01 1.317106330023031513e-01 6.154911947663693761e-01 1.383886034685139765e-01 2.554919062240069705e-01 2.830613257452398446e-01 1.439988299958411266e-01 2.184120934059484986e-01 6.690895744910184684e-01 3.651103138546064608e-01 1.748961944639921551e-01 1.810927765643980392e-01 3.927226717957421620e-01 4.585232564380590792e-01 3.269487526013022394e-01 4.687907287966409653e-01 2.915784543287249786e-01 3.574436332522853976e-01 4.565136032014389111e-01 1.707572466005282674e-01 6.070171637928855057e-01 7.274192200801701258e-01 3.037418845424686431e-01 2.737185035662020316e-01 1.000000000000000000e+00 5.045329708578361050e-01 6.743750625936401066e-01 3.332957771828982674e-01 1.838425759772110146e-01 2.213485524242203295e-01 1.489417110551408963e-01 2.610294515116120539e-01 2.012816446898985367e-01 3.840003860655952228e-01 3.634375614131021837e-01 6.051861830789294627e-01 1.864603998694083220e-01 2.426153147274244803e-01 4.687171190758079864e-01 3.107806204845657283e-01 2.885257726525108923e-01 8.136506649268813174e-01 3.418992768729989251e-01 3.485816326611989591e-01 5.286245049221620640e-01 3.979604728584884010e-01 4.170733632950171521e-01 5.417089974486087867e-01 5.199779313999406405e-01 6.472775041156991760e-01 3.429916091135812861e-01 2.586528437445164141e-01 5.831877412245668468e-01 3.434594819021659085e-01 3.776945707588784118e-01 3.338594378138505236e-01 2.752472297596656459e-01
3.265868411888147582e-01 2.315029807510962379e-01 7.261069704441285300e-01 3.854369645816468348e-01 2.440675456781709052e-01 5.189144667200202843e-01 2.242085912846226714e-01 2.007141857927942363e-01 2.513192017124588062e-01 3.282521671965273891e-01 3.952543762133636229e-01 1.951676738974820469e-01 5.975245894892372567e-01 5.848350449989331290e-01 3.469606690470366517e-01 5.095847846837489037e-01 5.143292018434891810e-01 3.433633777462647974e-01 4.416621777245565150e-01 4.692134763480154125e-01 6.242356526427629282e-01 5.947437450041295204e-01 2.615665483572747196e-01 3.682508424270383718e-01 5.045329708578361050e-01 1.000000000000000000e+00 6.187048030132674681e-01 3.571503380321661147e-01 3.115712706790100817e-01 2.850173256569952240e-01 2.188755554748911814e-01 4.680343239987110882e-01 4.252952402693571665e-01 3.640031455731310706e-01 5.394727281154715337e-01 5.001642304632878400e-01 3.616601843602428867e-01 3.128484512469234535e-01 5.394763706114146240e-01 3.159270941284248457e-01 5.337515645645490858e-01 3.677859010687970498e-01 3.515524651858808469e-01 6.202713396087530251e-01 5.553021069339495464e-01 4.484080691004628250e-01 3.796426161483852368e-01 6.889030629090652225e-01 4.656677473075928608e-01 6.061403465245359667e-01 3.340875649007873927e-01 2.811100727198738158e-01 6.015894705248634455e-01 2.680871034729056523e-01 4.503760386794538606e-01 2.232494379578253973e-01 2.989740780612022419e-01
3.998255984772435823e-01 1.926493487289747675e-01 6.747757554406821345e-01 3.149154270823331103e-01 3.244879724079276495e-01 3.735417297446128604e-01 2.525377898536354526e-01 2.527706252069036874e-01 4.741984177133781730e-01 4.741175970413697982e-01 2.796090079839468334e-01 2.263328950543688767e-01 4.916594220596754439e-01 5.699859706297626394e-01 4.527803987513748241e-01 5.483060008022914156e-01 4.050359822771839036e-01 4.141010491733963517e-01 4.287364524989378256e-01 2.898082378883415910e-01 6.929585424927455772e-01 6.544284890457778836e-01 3.546148083434071396e-01 3.762196446870006983e-01 6.743750625936401066e-01 6.187048030132674681e-01 1.000000000000000000e+00 4.243141469240768737e-01 2.460242537404118690e-01 2.540504352339874039e-01 1.754925162588452381e-01 3.464153364827202153e-01 3.170246599947714738e-01 5.116389663271554422e-01 4.487092811385066660e-01 5.679306809836525138e-01 3.014437688796130499e-01 3.998906567261709677e-01 5.834777083981174117e-01 3.645602081763187341e-01 4.614001123165347162e-01 5.316400355653536636e-01 4.385293335234577983e-01 5.029936509290756641e-01 6.691914626872584870e-01 4.403445984616618514e-01 4.554668707322173660e-01 6.017447143923051467e-01 6.611006951268993959e-01 7.724645305054940181e-01 3.649376462715567815e-01 3.065286174340723369e-01 7.048913854332058415e-01 3.389501470016235141e-01 4.435865730197390833e-01 4.512942748813978389e-01 2.672504326291508248e-01
3.680255087181725226e-01 1.345332096294393487e-01 4.129491996511158725e-01 2.235159844973278742e-01 2.695694512247859831e-01 2.518822350456197401e-01 1.654640324688816111e-01 2.167198376222879419e-01 3.285085582505956614e-01 3.007387558013842055e-01 1.796192191787936154e-01 1.832448910554830002e-01 3.913309740083571464e-01 3.596909247495586603e-01 4.373966175800971246e-01 3.451509604641926909e-01 4.291780907634218933e-01 3.030084855517206632e-01 3.172423229818590040e-01 1.737155630862409206e-01 4.144181428644347354e-01 3.565263520552917065e-01 3.149649928587109904e-01 1.967615590503461187e-01 3.332957771828982674e-01 3.571503380321661147e-01 4.243141469240768737e-01 9.999999999999998890e-01 1.130978888515637854e-01 2.579594077319507517e-01 1.742807576154827842e-01 1.966023932951918296e-01 2.158714984301291773e-01 2.953237331526435971e-01 3.224196357162501525e-01 3.328127200229196725e-01 2.053727459803597888e-01 2.118793287468629660e-01 3.841518991719808374e-01 3.604441967721327966e-01 2.823622251888338597e-01 2.569591618804462074e-01 3.609020479585686170e-01 3.325771487669211268e-01 4.796215992229057035e-01 6.139758987229643195e-01 3.574202803942186368e-01 3.412782718505429358e-01 4.395620432767760044e-01 5.036933961260281478e-01 2.176643087633082230e-01 2.106245762109471842e-01 4.957532648641755357e-01 2.551304996023687766e-01 5.634112500337117302e-01 2.878613259448898898e-01 2.883023019772792961e-01
