1.000000000000000000e+00 2.970035883847980118e-01 2.054908921223784213e-01 3.987145627845635198e-01 2.179270527431734217e-01 1.941013552971377343e-01 3.889104596338458508e-01 1.540895010374848939e-01 2.238544646366017465e-01 1.818693821506494612e-01 1.061640564633586220e-01 6.780700678058189379e-02 3.180461940961738510e-01 1.574859714211432060e-01 2.466701590272052935e-01 5.846363833386841041e-02 2.315970713209839493e-01 2.131464417289355706e-01 3.278819273188398609e-01 2.095256089690492873e-01 1.522570296665636813e-01 2.623935813195020228e-01 6.624965580194093484e-02 2.821687149076033130e-01 1.582855212695180036e-01 6.958529403893237708e-02 5.590244688467073397e-02 2.232906908246137523e-01 1.780932948796318249e-01 1.012843069237670396e-01 2.281703991544125898e-01 4.845620608150170983e-02 1.715264686940455863e-01 2.542498236338985307e-01 1.572282092398313569e-01 5.387962326303314536e-02 5.096135738555955530e-02 3.913433152788661218e-01 6.288206858827004309e-02 1.875245910216340184e-01 5.723038491982940928e-02 2.310125941515460135e-01 2.698675056200955935e-01 3.027902653450817438e-01 3.706003286666207375e-01 1.346087600083132330e-01 9.231426275941502502e-02 6.263105417611403158e-02 5.056233254222766010e-02 1.594818799304021373e-01 2.489731157483443535e-01 1.456831479795373530e-01 2.461258138877277790e-01 1.731791011827812921e-01 1.804202901712433915e-01 3.323337175255313691e-01 2.520847979229995373e-01 2.057439659633647222e-01 5.757297024305048083e-01 1.086293867155948140e-01 5.047095573232571186e-02 4.722515878736763262e-01 5.946909560158729346e-02 1.001151544216042771e-01 3.844533675620788182e-01 1.409417861108300529e-01 1.592756680650953549e-01 1.796507141344724223e-01 4.898022055392196039e-01 1.910713028634017652e-01 3.925767403777680187e-02 3.739041395804028056e-01 5.411259459684976403e-02 4.230713082307689665e-02 1.819147420081909938e-01 2.517224240821526182e-01 5.473538149238789119e-01 5.233292306627564811e-02 1.945287934601780400e-01 5.756341545038518720e-02 1.477167003658574340e-01 5.016573590447487296e-02 1.080146037621579347e-01 1.888644564264991277e-01 2.413662282303069562e-01 2.861547912281626194e-01 1.807186127562933897e-01 1.330679131685639782e-01 5.106715578731284289e-02 2.024177000503006862e-01 4.584268681059848194e-01 2.209352667358837341e-01 1.678382068541122984e-01
2.970035883847980118e-01 1.000000000000000000e+00 1.831565383843601902e-01 3.278066387245315294e-01 1.702472788193447606e-01 1.742381620793927444e-01 3.268918166501096900e-01 2.915551145294225099e-01 1.946578255060057716e-01 2.372083367844685375e-01 1.162680962805873602e-01 8.153185412445389246e-02 2.202768845465016279e-01 1.197101242032779650e-01 2.315945128278073528e-01 7.030473976983418749e-02 2.442457042433113790e-01 1.899776348539819193e-01 2.412592884325905351e-01 1.937310973922726498e-01 1.434241782991099723e-01 1.922116300689698798e-01 6.444011784306794000e-02 3.753179437904434756e-01 1.613200262896524184e-01 4.933421866056563604e-02 6.799333685791181248e-02 1.838936915561321939e-01 1.535614062121854195e-01 1.477818931840235994e-01 1.593210013890607180e-01 7.140752502026398441e-02 1.292227895551898431e-01 2.524189097160567385e-01 1.198393532113178200e-01 6.984468149910316725e-02 5.485492738433299376e-02 3.260652885403015899e-01 4.941578888145892190e-02 1.497655167698166701e-01 5.102422475183526762e-02 2.233360773340735128e-01 2.197372373263265788e-01 2.991162005984335237e-01 1.865380011522498882e-01 9.880523641617323938e-02 8.870545985781827514e-02 8.032170973239743939e-02 5.415426834590471306e-02 1.306370961759871496e-01 2.218638547316752752e-01 2.381946377238734480e-01 1.481986731992645245e-01 1.455954745543289464e-01 1.644116524718478023e-01 2.124793375500722281e-01 2.299245634856895426e-01 1.924398738007584153e-01 3.310837248804096022e-01 1.114083226066392707e-01 6.989610992160869007e-02 3.928059062812989666e-01 7.240649431167422989e-02 9.141238948581285884e-02 2.977213824513359475e-01 1.395117277232666708e-01 1.659813868968626482e-01 1.647217677934644797e-01 3.941007457598258434e-01 1.912597523566937074e-01 5.700748888560485533e-02 3.703180171665339526e-01 7.007347812293211742e-02 6.609107946188871874e-02 1.213946222605190445e-01 2.389698415364231165e-01 3.234065591523787031e-01 6.175113325928347635e-02 1.492911254121195574e-01 6.015875399584412475e-02 1.183007674759082167e-01 5.722304959738718638e-02 1.115937576158008981e-01 2.066748271040128870e-01 2.520664766241286769e-01 2.302842551566475493e-01 1.476848463835964687e-01 1.141701330840370066e-01 5.906932671758990949e-02 1.632778513865185133e-01 3.942267062239165898e-01 2.256183567716539551e-01 2.274665131567991938e-01
2.054908921223784213e-01 1.831565383843601902e-01 1.000000000000000000e+00 1.555781575799892735e-01 2.524002425216804735e-01 2.647022144045884096e-01 1.974065223100067434e-01 2.091033563395616468e-01 3.075780383601645629e-01 3.296778949425697158e-01 1.624332553386348410e-01 8.950856083448299749e-02 2.712988021597330102e-01 1.392951805866274317e-01 2.984807041684778839e-01 8.698887498298196741e-02 1.747965328042789257e-01 2.185356519150853105e-01 3.009061369597322844e-01 2.363894061951698766e-01 2.133706133113423553e-01 3.643734608409927578e-01 1.385750913333678169e-01 1.499888797413483910e-01 2.060947661328726421e-01 1.100277811179265347e-01 5.330268263178117305e-02 3.789879934988021892e-01 2.189255859778977964e-01 1.485312019934533490e-01 3.314761006170461322e-01 6.393852993827868481e-02 1.821904033604433149e-01 4.564200813872834050e-01 2.245570245608026205e-01 6.835055354205288314e-02 4.986881737236491946e-02 2.444364564938370510e-01 6.726977778555978671e-02 1.436950237226897187e-01 7.203293464061559515e-02 1.459507445211973564e-01 1.559539387352023576e-01 2.124172701054377055e-01 1.558762685204079512e-01 1.811642852709795803e-01 1.647328059861879190e-01 7.103044042258159496e-02 7.712410375978914767e-02 3.269946083573621043e-01 1.844342128310562379e-01 3.542373537898890756e-01 2.059911535097800617e-01 2.297352053569113872e-01 2.208860419612904136e-01 1.529279602801480731e-01 2.151798379050653132e-01 5.394414167564232088e-01 2.236502187173378675e-01 1.792402474193385553e-01 6.108838785958677076e-02 2.040438812534691726e-01 7.634583890047164090e-02 1.072213180011641342e-01 2.090390569366930851e-01 1.898240382231620171e-01 2.397904749981843719e-01 2.577347592927151654e-01 1.944215178916001707e-01 3.526580301643482129e-01 5.612481521826664238e-02 2.131967548261900214e-01 6.245629665557521359e-02 6.028243552994192594e-02 2.421952762059256525e-01 2.432632681383442297e-01 2.025874954779245396e-01 6.400934906872925156e-02 2.236802205858736958e-01 6.932127729693196572e-02 1.463218374996852755e-01 7.506752030406045606e-02 1.176254907827839341e-01 1.993011260929414552e-01 1.297733530807690383e-01 1.920992589900415437e-01 4.447853221735627582e-01 1.504714482202850756e-01 6.624032999877366157e-02 1.886797341242661963e-01 1.699133684983685499e-01 1.155049318633053768e-01 2.224209471474632993e-01
3.987145627845635198e-01 3.278066387245315294e-01 1.555781575799892735e-01 1.000000000000000000e+00 2.401005366552088072e-01 2.040068041313740643e-01 4.669877986452575791e-01 1.661465117974806893e-01 2.171774252063386756e-01 2.306280721985242699e-01 1.423975951269718099e-01 6.931203966636746705e-02 2.466415758333893593e-01 1.446827079116702330e-01 2.817882250133937339e-01 4.943874937394547586e-02 3.104318822694095426e-01 2.279243220705813033e-01 3.541200378679899008e-01 2.265287649494384659e-01 1.484463314861105554e-01 2.787132094917504355e-01 7.316522321752003122e-02 4.202684935589148796e-01 2.159543101564969647e-01 5.211255635724384300e-02 5.947414885189213074e-02 2.819485946219110195e-01 1.552697971360406382e-01 1.159699703243750046e-01 2.288002962975560772e-01 4.060094684678424576e-02 1.828259442040026383e-01 2.712302989294433919e-01 1.590009079945592929e-01 4.926923036167218245e-02 4.758088149710545944e-02 5.543522446787860769e-01 4.772936042273526885e-02 2.363941051597659715e-01 4.333981096361031599e-02 3.024363051189429275e-01 3.071353115306040271e-01 3.901449760590094407e-01 3.029053007588866087e-01 1.442499714260318255e-01 9.493764371885091147e-02 6.201736720419860627e-02 3.980573957395308615e-02 1.658979098832634724e-01 2.792376851140301874e-01 2.196083401885010333e-01 3.241826342674720141e-01 1.862498697016204685e-01 2.441597334236813577e-01 2.541936333223461242e-01 3.039811161931709749e-01 2.261241297128465111e-01 4.511526959517276336e-01 1.304557421729901356e-01 5.123099175531364846e-02 5.269763133717301207e-01 4.497825103646189288e-02 8.846369075698307105e-02 4.804708798511279633e-01 1.465718896603397103e-01 1.631374163409791689e-01 1.953790334605220724e-01 5.015318573664493407e-01 1.988666283431762272e-01 4.177190629088083085e-02 4.690565105967735016e-01 4.670004424686604455e-02 3.957331566789312749e-02 1.373483914181914400e-01 2.572245540135711384e-01 4.195478388996216612e-01 4.235735498808427396e-02 2.105435465603852641e-01 4.811598501211606510e-02 1.123453251787673440e-01 4.204546136107238652e-02 7.679341153111321483e-02 1.747349752172127624e-01 3.696109184713722851e-01 2.520686674489659995e-01 1.721900244839852379e-01 1.162023878923774539e-01 4.125853665447533347e-02 2.071984407240619053e-01 5.282026962552738292e-01 2.891003522774131529e-01 1.748248164033695817e-01
2.179270527431734217e-01 1.702472788193447606e-01 2.524002425216804735e-01 2.401005366552088072e-01 1.000000000000000000e+00 3.785947586793919073e-01 2.324123840359314241e-01 1.300218694221030036e-01 1.766018608327404593e-01 1.835238792850221456e-01 4.038914280965305581e-01 3.992162639702953597e-02 1.523222342880074520e-01 9.484924254528125098e-02 2.148923530222771883e-01 3.234427602094226695e-02 1.628132192562198599e-01 2.021786481300387184e-01 3.347433700046890115e-01 1.305158724844670826e-01 1.651009038923761663e-01 2.582429088837094877e-01 7.325793852376305537e-02 2.078256725539290584e-01 1.573842564281716649e-01 2.831465289384870257e-02 3.318322122927704065e-02 2.338259685999394266e-01 1.221932245241998671e-01 3.183187240182055455e-01 1.779937240124400133e-01 2.841874266257645582e-02 1.327446719079819759e-01 2.964474666775636091e-01 1.289377387171845579e-01 3.448658359979413224e-02 3.581805948739179984e-02 2.717980372692964663e-01 3.104644936777135530e-02 1.229219594856123393e-01 3.092671605152990180e-02 2.186676314684381506e-01 2.266171670438540120e-01 1.527682919800887329e-01 4.062081728753054732e-01 9.312679269592688547e-02 4.278631048332997566e-01 4.272324046560149746e-02 3.032539471923928129e-02 2.181842278727641471e-01 1.434238044547007651e-01 2.189198499804654308e-01 2.480830928473111430e-01 1.343459241727633924e-01 1.773978208362408937e-01 2.897991620121398437e-01 2.295488603972481167e-01 2.079150301564851033e-01 3.425411145775861255e-01 1.351970192675237825e-01 3.245426198468565754e-02 3.175987559461322385e-01 3.057617094812439471e-02 6.110917697697132445e-02 1.952581104882372687e-01 9.137503568261050313e-02 1.467770879922410954e-01 1.804055733273030870e-01 2.738490251962359401e-01 2.680530918781775518e-01 3.369742152689170905e-02 2.694404152344027081e-01 3.536183792997500686e-02 2.563819827646089677e-02 1.275827877119911635e-01 2.312182212878720888e-01 2.299108781134624746e-01 2.677760246473363456e-02 1.619547945181387671e-01 3.062425194944233889e-02 7.818399916585756781e-02 2.797603644871159145e-02 3.205302013279024559e-02 1.246933067909765241e-01 1.492625970322508933e-01 1.210367350112586671e-01 1.888674291580689224e-01 8.800503974084385173e-02 3.183327000697836612e-02 2.119939743159426071e-01 2.830765711859957179e-01 7.447057370098686402e-02 1.366559733086455397e-01
1.941013552971377343e-01 1.742381620793927444e-01 2.647022144045884096e-01 2.040068041313740643e-01 3.785947586793919073e-01 1.000000000000000222e+00 2.555159119054088990e-01 1.373613168414543062e-01 1.912259495118943109e-01 2.440624618146298441e-01 1.130589679988165536e-01 1.939819213117032481e-01 2.070076659141268371e-01 1.824503845241829680e-01 2.566860216015509066e-01 1.435348300369884145e-01 2.619153947324117659e-01 2.832543914121139483e-01 2.534622417310663511e-01 2.728465923496665169e-01 1.526410443748986157e-01 2.422219780242219622e-01 7.383852716337116484e-02 1.596432237147642763e-01 1.874257384378740232e-01 1.247735002699098261e-01 1.621914061990136491e-01 2.472283307472381009e-01 1.463825071947712497e-01 1.114742772416179861e-01 1.887526679931017248e-01 1.393273506921022531e-01 1.389030358681812849e-01 3.405147245145836443e-01 1.419361967416029047e-01 1.694234829652673524e-01 1.590438802448323197e-01 2.331244388374915655e-01 1.556529288761895613e-01 3.689581731129979447e-01 1.603423721391632750e-01 2.153170836014478284e-01 2.055822823467358396e-01 2.028320880107607749e-01 2.105453337846198980e-01 1.489242287474119297e-01 1.083815467896055290e-01 1.787993879995170288e-01 1.345756007651022490e-01 2.503897010047835270e-01 2.879153120882467776e-01 2.987986532499044556e-01 1.548891474105677513e-01 2.293337045785244777e-01 2.117838221545472466e-01 1.356587839041092369e-01 3.263477203338851496e-01 2.425228371872042710e-01 2.388985414081948033e-01 3.501523149690774495e-01 1.587502929583838318e-01 2.725625140653608058e-01 1.789256664754615422e-01 4.214867864514771356e-01 1.960982785876517753e-01 1.184479558355036738e-01 3.205972464296370505e-01 3.207520258429029103e-01 2.286023266237605378e-01 2.546256765820764656e-01 1.542438012649000323e-01 2.194025769918134805e-01 1.605433886916932951e-01 1.362620867086892229e-01 1.447740460653774430e-01 2.749291141091020352e-01 2.119871026840313144e-01 1.482159810592713900e-01 1.788192092138076450e-01 1.451072014443272051e-01 2.303943813079799841e-01 1.394272778868320406e-01 1.677701555043044912e-01 1.501775941414973670e-01 1.734671109351558771e-01 1.715407954234899890e-01 2.782784500090850766e-01 1.353566630898321022e-01 1.447203109500021512e-01 1.331125590651709156e-01 2.289133828855436925e-01 1.214719127220781486e-01 1.664125452450329612e-01
3.889104596338458508e-01 3.268918166501096900e-01 1.974065223100067434e-01 4.669877986452575791e-01 2.324123840359314241e-01 2.555159119054088990e-01 1.000000000000000000e+00 1.530512714583053269e-01 2.011692312880335176e-01 2.394101771025179681e-01 9.683641034344091236e-02 9.020742364643492828e-02 1.991528549969791007e-01 1.448177789557473782e-01 2.333744618646692026e-01 6.749620962853454531e-02 4.626080805837471388e-01 2.532427671933185631e-01 2.669288168936418959e-01 3.129052152388262509e-01 1.679204985524163085e-01 2.384094374221958912e-01 8.008400865565108717e-02 2.748563958091585491e-01 2.959306366646184960e-01 7.893853346339974042e-02 7.470930512105945775e-02 2.589954036069428978e-01 1.783066837683743300e-01 1.118758811741537573e-01 2.076110972214104677e-01 6.423702240640259686e-02 1.512563618365331541e-01 2.795758284542962380e-01 1.524383814071115506e-01 6.893431309645250971e-02 6.981481215124567263e-02 4.049581710468794782e-01 6.580840050610987924e-02 3.016914342382602254e-01 6.413223946843862877e-02 3.643818836425283259e-01 3.514214361508180562e-01 4.863375358998682785e-01 2.356204301737992446e-01 1.422798419813069148e-01 1.170632323072764991e-01 7.751028420858956103e-02 6.438298982626869393e-02 2.308607106413655963e-01 3.759969643826164276e-01 1.820477658379014152e-01 2.247632731529153050e-01 2.352436661433904841e-01 2.104609710719065607e-01 2.535334845040667640e-01 4.082557675707236267e-01 2.153378859136818868e-01 4.596017682314067487e-01 2.275948134027094283e-01 7.271451937068706961e-02 6.061407148617101726e-01 7.470628057363676300e-02 1.015251252377311897e-01 3.926497583993998064e-01 1.428185845917601393e-01 2.240341709063999043e-01 2.863323237340302252e-01 5.292592701888927387e-01 2.419505264333088324e-01 7.079642519824003166e-02 3.854427477249858791e-01 7.231629733870127696e-02 7.166108424331521509e-02 1.582289075251337718e-01 3.481906859167426260e-01 4.039959833032074066e-01 6.761261174882632341e-02 2.409491683396650930e-01 6.631450039469528879e-02 1.483090460211774764e-01 6.033911673349622029e-02 8.452491136014192441e-02 2.003737721329903465e-01 3.770207545076882938e-01 2.957310759367641206e-01 1.789587240670933166e-01 1.826945701798942390e-01 6.607682840530200441e-02 1.632076950360904777e-01 5.421802117631995266e-01 3.918155958082731316e-01 1.989267920363181064e-01
1.540895010374848939e-01 2.915551145294225099e-01 2.091033563395616468e-01 1.661465117974806893e-01 1.300218694221030036e-01 1.373613168414543062e-01 1.530512714583053269e-01 1.000000000000000222e+00 2.645661615808777012e-01 4.311703270644209329e-01 1.046016188715900713e-01 4.884373711842009830e-02 2.658988171286393309e-01 1.075695882925495478e-01 2.165834045931862573e-01 6.095387559066057365e-02 1.393612328630170205e-01 2.088545582445899274e-01 2.670710045192434823e-01 1.628784077279103737e-01 1.790660418197382309e-01 1.680344561071334120e-01 9.730782201758964023e-02 2.292342830085160044e-01 1.174831477903720833e-01 5.302348892413610154e-02 3.279942726703714839e-02 2.608963083126922822e-01 1.664953858543830045e-01 1.330143075525604124e-01 2.588132530063242953e-01 1.633500424116978711e-01 1.319319808814786998e-01 2.457321889864891307e-01 2.069860892276446374e-01 3.283814866389177245e-02 3.583742692415142067e-02 2.290527325600371922e-01 5.412752108302081727e-02 1.761773881079795878e-01 5.341350924437132663e-02 1.569374639235284752e-01 1.126968705569403179e-01 1.913782208284714181e-01 1.174677497213886673e-01 1.149108524024443634e-01 1.396949387755309080e-01 3.035584228720482683e-02 4.483173054037799948e-02 1.371685478916144507e-01 1.476260953159389266e-01 2.289304961893194879e-01 1.617146090640053102e-01 1.964834401739758429e-01 2.223493154671377647e-01 1.159143115382992861e-01 1.479350660025472164e-01 2.116517657434969224e-01 1.966071539815335278e-01 1.246698357302519072e-01 3.081813650278080602e-02 1.882886467213258086e-01 3.780151578985253141e-02 7.575907184745414580e-02 2.143871444558121675e-01 2.253534221574845509e-01 1.642582003000934432e-01 2.020747119048168783e-01 1.584103730093956441e-01 1.811809072157854195e-01 1.583609011914590692e-01 2.179470055466618261e-01 4.214586681278750802e-02 1.600563731917619970e-01 1.899653309869979156e-01 1.996377256986059390e-01 1.470808236114762024e-01 1.483326649053268997e-01 1.803174910385291208e-01 5.339144658409523264e-02 9.114530529438388817e-02 4.404285105041422926e-02 4.446480015957796766e-02 3.132416192232784780e-01 2.176284794657711852e-01 1.613286339307626882e-01 1.363769259661369859e-01 1.352749776416579952e-01 4.605411585407410968e-02 2.830444454190191861e-01 1.345222688856168580e-01 9.731990946606665360e-02 3.819670084194163873e-01
2.238544646366017465e-01 1.946578255060057716e-01 3.075780383601645629e-01 2.171774252063386756e-01 1.766018608327404593e-01 1.912259495118943109e-01 2.011692312880335176e-01 2.645661615808777012e-01 1.000000000000000000e+00 3.763877572629762414e-01 1.359483305153018906e-01 7.522126617546659455e-02 3.050228013901601365e-01 1.231371395736703817e-01 2.476905954928214360e-01 6.574769711065510391e-02 1.782115046274067305e-01 2.485820465063696694e-01 2.947085262664526639e-01 2.163268445619015989e-01 2.423061475521749997e-01 2.694915566107923266e-01 2.091016344342224720e-01 1.992342849024918150e-01 1.351567260496114864e-01 9.726538341989920955e-02 4.070822308674160173e-02 3.389404543458868768e-01 2.208305776630703765e-01 1.719024787242584562e-01 3.249904398884377321e-01 5.151435212914507594e-02 1.829053747907314065e-01 3.343416521148374621e-01 2.631977390647780579e-01 4.884581373628197470e-02 5.668250245142726629e-02 2.833789539460944695e-01 6.310954519655545547e-02 1.518989090425080235e-01 6.124210118069111503e-02 1.768695595127372511e-01 1.422827454574596417e-01 2.782476272199193579e-01 1.453523785583817618e-01 1.697342706443550620e-01 1.753253183928540349e-01 4.554222234597456870e-02 6.164382425720835862e-02 1.652638373825646989e-01 1.972672705314788000e-01 2.734099428306656088e-01 1.743671461686906177e-01 2.478103945455406576e-01 2.520601207967933521e-01 1.627147786738900315e-01 1.979644859242171706e-01 2.678582598918987090e-01 2.274917480509418555e-01 1.716304843467502672e-01 5.422096053065014742e-02 2.270835089422969522e-01 5.706826175234629844e-02 9.863445255566975767e-02 2.540763402784444458e-01 1.964198366633747861e-01 2.378118218569491016e-01 2.797974163522875535e-01 1.846558098430182981e-01 2.272879444729283827e-01 4.708914108465056536e-02 2.791006129965769578e-01 6.417980065590486727e-02 5.405430595478110528e-02 2.569804068636766803e-01 2.311971196273593931e-01 1.949422045774375500e-01 5.648847567698993266e-02 2.718092192822529340e-01 6.225132509098797728e-02 1.388776979096381092e-01 5.392889041587945603e-02 5.943489926400424145e-02 2.219542695341761851e-01 1.864741480846792421e-01 2.090613886322923998e-01 2.196918779198437643e-01 1.930853401567492744e-01 6.265212059830256586e-02 2.264435354917838372e-01 1.686232789451598268e-01 1.351571425326643650e-01 2.265296350349796095e-01
1.818693821506494612e-01 2.372083367844685375e-01 3.296778949425697158e-01 2.306280721985242699e-01 1.835238792850221456e-01 2.440624618146298441e-01 2.394101771025179681e-01 4.311703270644209329e-01 3.763877572629762414e-01 1.000000000000000222e+00 1.451973080952574657e-01 8.706112879723779119e-02 3.900501744305259200e-01 1.370906324181793423e-01 2.621830623802567373e-01 7.722376614796146177e-02 2.018818177665401004e-01 2.807181371694000838e-01 3.252380920472929260e-01 2.317856038656673501e-01 2.732824552965336662e-01 2.771516595624533563e-01 1.559680695710684295e-01 2.411641624455000132e-01 1.401256027580086716e-01 1.168808344967548346e-01 5.081560444799041593e-02 3.242092787773456775e-01 2.500649748598763322e-01 1.960586543701870188e-01 3.889850499503643699e-01 5.823052925519429240e-02 2.524131829663814330e-01 3.659599061217098659e-01 2.767947921107987153e-01 5.575393417275919389e-02 7.326624872039730341e-02 3.148004393749826435e-01 7.517921372478308939e-02 1.684266376554075240e-01 7.339716408577728890e-02 1.677541405792557505e-01 1.458259479285648197e-01 3.062388918784116898e-01 1.850652131688771129e-01 1.971559990938435425e-01 2.342696155938483460e-01 5.399232799430515178e-02 7.240357424067445091e-02 2.134877959436988770e-01 2.342125735239783679e-01 2.983536484391632326e-01 2.285424620125735273e-01 3.276989637819638368e-01 2.744006705877760632e-01 1.708886568274755879e-01 2.472882078268810457e-01 2.608884841983502012e-01 2.655801673416576247e-01 2.031771877705543239e-01 4.646157613721693669e-02 2.765235205867342394e-01 6.844502989698719730e-02 1.040703847182967434e-01 2.391436225129671966e-01 2.781433494094918135e-01 2.816241719104120578e-01 3.862944521987070612e-01 2.247569548231220515e-01 2.929322831667595661e-01 5.706556609017781473e-02 2.708364787652569605e-01 7.763796541218112579e-02 6.110162923874360580e-02 2.927338354077226867e-01 2.864033458786489073e-01 1.991322552351105224e-01 6.741274949890088686e-02 3.078945462167342884e-01 7.415685945906284882e-02 1.341813769123893774e-01 5.938654204995468672e-02 6.450848926333598021e-02 3.749478568515506871e-01 1.884588233403320656e-01 2.123736026531349852e-01 2.232534820972813527e-01 2.097228000949280524e-01 7.628817589856558279e-02 2.974392838662697214e-01 2.209472160158280629e-01 1.602705528737517204e-01 4.005928309662167841e-01
1.061640564633586220e-01 1.162680962805873602e-01 1.624332553386348410e-01 1.423975951269718099e-01 4.038914280965305581e-01 1.130589679988165536e-01 9.683641034344091236e-02 1.046016188715900713e-01 1.359483305153018906e-01 1.451973080952574657e-01 1.000000000000000222e+00 3.045982511951086588e-02 1.538599203767518908e-01 5.643309513524194521e-02 2.107853013521269470e-01 2.295183837398973373e-02 8.119255535633945753e-02 1.125687193152285631e-01 1.489187648195187674e-01 1.120944780682619213e-01 8.280964323634444624e-02 1.466251280216797348e-01 4.304908818686938032e-02 1.659863443619114531e-01 1.179464063983220873e-01 2.503750993826196758e-02 2.773774359351791410e-02 2.025553178982674174e-01 8.832923152970073577e-02 5.527589093085498451e-02 9.938251467402323125e-02 1.848057502521889897e-02 6.312578499656237851e-02 2.355100218569705084e-01 7.184205456071841855e-02 2.190946808175102054e-02 2.329909500362731256e-02 1.907668034131907442e-01 2.339719997151343267e-02 7.297616426833135328e-02 1.997584191574160173e-02 8.764786430688267793e-02 6.954500198668218947e-02 1.004908403774076031e-01 8.245675705787755549e-02 7.053514941439342767e-02 5.261502972743622303e-02 3.304387814308159393e-02 2.224868187277554213e-02 1.493614755358530499e-01 8.963487874829897950e-02 2.564753405684258025e-01 1.727526311150973382e-01 8.670214565988816624e-02 1.357303791975854601e-01 6.883168964162436620e-02 8.551758923158786496e-02 1.918496712207699018e-01 1.059373498634149646e-01 5.795234677715961624e-02 2.656574673434790659e-02 1.119557852281897192e-01 2.070066814884140988e-02 4.415764670474323778e-02 1.582134560668528034e-01 7.600140174064153042e-02 8.053098551735590749e-02 1.300688991134199002e-01 9.858333739667225759e-02 1.504168701295180988e-01 2.063132534922925213e-02 1.702952811535840827e-01 2.200359460446114565e-02 1.939177365812767492e-02 8.819658816678400959e-02 9.752652056624150356e-02 1.052049388646044970e-01 2.162773913639808379e-02 8.316676704447797941e-02 2.255548308343712297e-02 6.797840717564217206e-02 1.902750621838097955e-02 3.594552736477550636e-02 8.851938386528965252e-02 1.591286082307470373e-01 1.030855437865475926e-01 1.868653805674407864e-01 5.263720036381979578e-02 2.239037086337164473e-02 9.760777463664814524e-02 7.207397213151038595e-02 7.933678387203448035e-02 9.244541229731273457e-02
6.780700678058189379e-02 8.153185412445389246e-02 8.950856083448299749e-02 6.931203966636746705e-02 3.992162639702953597e-02 1.939819213117032481e-01 9.020742364643492828e-02 4.884373711842009830e-02 7.522126617546659455e-02 8.706112879723779119e-02 3.045982511951086588e-02 1.000000000000000000e+00 9.560247357605526630e-02 4.341985889545078026e-01 7.310299375644088715e-02 7.745814754537180269e-01 7.721218816443221888e-02 7.877490594871369711e-02 7.976179470792196802e-02 3.598276845031272986e-01 7.272503440385824636e-02 7.617091128685773982e-02 3.229332906782558105e-02 6.638207164209061761e-02 8.635514501565705325e-02 1.736986761821121272e-01 8.321313087755539684e-01 6.798924005614470634e-02 7.537771640509674520e-02 3.551765858897671518e-02 8.345494704289117827e-02 7.690867337728045650e-01 7.160245201030318585e-02 9.623274219117411432e-02 5.258356290813961942e-02 8.965691191059688148e-01 7.675643361425563693e-01 7.714944796239474323e-02 8.023947969280899040e-01 6.073874047726315201e-02 8.201721062056709366e-01 7.792566986435765786e-02 6.233477187389140778e-02 6.288798006603642243e-02 7.328916554733819200e-02 7.080124536560174209e-02 3.961502402316460086e-02 8.985243486422196391e-01 7.299924929323300393e-01 5.569173495139022323e-02 7.099414033870490859e-02 5.955289232422882745e-02 5.381511946841462807e-02 7.926240165815325034e-02 6.483605014088991703e-02 5.485818680879919057e-02 9.089363182816702358e-02 6.809741819469401769e-02 6.626095335040101120e-02 5.959796600125452648e-02 8.412665710339864988e-01 7.384442033014980422e-02 8.854399912332661104e-01 4.483686497163717477e-01 6.669049552932514169e-02 6.412768994051039340e-02 4.408438655447373122e-01 7.875197655777677053e-02 8.915690787794477989e-02 6.973688277457287810e-02 7.613782814340491756e-01 8.935347348141300938e-02 8.195359613988190128e-01 7.767587324362725809e-01 5.620242997984580685e-02 9.800494979544190077e-02 8.889512039859073789e-02 8.095785584908381516e-01 6.531092880168892778e-02 7.796940305925742498e-01 6.862537945223090574e-01 7.804596508144103773e-01 6.365469855251647546e-01 6.539651905635944507e-02 4.662793908375497537e-02 9.130545161545185195e-02 9.186541745373218160e-02 6.029802339987458404e-02 7.895912766825807783e-01 6.305955890475004044e-02 6.661470524683768546e-02 7.220959759938974654e-02 8.035395878836427974e-02
3.180461940961738510e-01 2.202768845465016279e-01 2.712988021597330102e-01 2.466415758333893593e-01 1.523222342880074520e-01 2.070076659141268371e-01 1.991528549969791007e-01 2.658988171286393309e-01 3.050228013901601365e-01 3.900501744305259200e-01 1.538599203767518908e-01 9.560247357605526630e-02 1.000000000000000000e+00 1.506912611716409445e-01 3.554058436203937910e-01 5.647560983881399349e-02 1.777710993345758828e-01 2.452603895667076206e-01 3.278697649472498976e-01 1.822652548090407110e-01 2.611378084426550505e-01 2.575720696134005672e-01 1.545765620483398883e-01 3.286854520491262477e-01 1.484639723208278916e-01 6.330923246910818980e-02 5.901278365636156154e-02 3.630672126329487215e-01 2.172673205912603600e-01 1.856933182078036593e-01 3.106905924127412177e-01 5.720670118456773479e-02 1.729277448877422907e-01 3.582882350895645884e-01 2.238616360090467938e-01 6.537057376437163669e-02 5.937856307731408101e-02 3.468982315519790749e-01 5.476472557967240057e-02 1.378729301438551547e-01 5.455352068055391301e-02 1.577184217527764221e-01 2.202079057982889720e-01 2.241021852136383941e-01 3.317409544305032210e-01 1.649533975025348209e-01 1.713350603120277482e-01 6.396862593210393688e-02 5.206334735480612486e-02 1.501287131354083204e-01 1.908230649843466464e-01 3.506076534127377520e-01 4.016455781094109834e-01 2.457089473904788268e-01 2.867061108127230140e-01 2.571792340438268654e-01 2.334993144378020025e-01 2.469620751565699546e-01 4.593161521274365944e-01 1.502515277848045228e-01 6.025692255857269947e-02 2.300967998462939978e-01 6.337431923834915826e-02 1.070176941345128696e-01 3.930873895720238265e-01 1.901225749655669484e-01 2.490599679471068306e-01 2.528381915802901947e-01 2.459938255737300905e-01 2.400870950154188610e-01 5.244944411160543107e-02 3.374437646837473714e-01 6.048454151220700181e-02 5.575192709559238097e-02 2.220681561507846791e-01 2.542889484341739892e-01 3.855174828894944450e-01 6.154005364269001660e-02 3.141444873149313310e-01 5.401998580343131406e-02 1.418348145126520354e-01 4.602280395091434134e-02 5.615326674026492604e-02 2.169277282999128309e-01 2.359030642246970622e-01 1.775540265748686841e-01 2.450191936900778800e-01 1.473888759489127842e-01 5.598803776798275816e-02 2.887513144240327900e-01 2.051070123818819202e-01 1.100688859078253062e-01 2.817186184793382120e-01
1.574859714211432060e-01 1.197101242032779650e-01 1.392951805866274317e-01 1.446827079116702330e-01 9.484924254528125098e-02 1.824503845241829680e-01 1.448177789557473782e-01 1.075695882925495478e-01 1.231371395736703817e-01 1.370906324181793423e-01 5.643309513524194521e-02 4.341985889545078026e-01 1.506912611716409445e-01 1.000000000000000000e+00 1.687127699384960156e-01 3.912124328166627363e-01 1.306221332272941571e-01 1.255251108601347088e-01 1.431833087445650021e-01 2.748282393061006190e-01 1.092661268702337235e-01 1.421332580979603188e-01 6.215325273403308343e-02 1.062692065310645445e-01 1.194195823139575785e-01 1.119411534013014936e-01 4.105074823341284818e-01 1.187595071726928880e-01 1.219092042215859373e-01 6.963402683640236568e-02 1.462068690588300690e-01 3.350027948583062520e-01 1.308915134522707358e-01 1.523655001880765136e-01 1.154837059959521323e-01 4.092038647196529766e-01 3.790859559560177394e-01 1.427042110996700197e-01 4.265407010888143113e-01 1.218900935538682062e-01 4.377465221322970335e-01 1.354486630221682641e-01 1.450859069217571296e-01 1.151791439933560202e-01 1.219032331852011597e-01 1.259784278936824653e-01 6.948792762109662347e-02 4.260622904891593898e-01 3.673323175363569781e-01 1.100204835112482821e-01 1.234263033407950738e-01 9.306509493283356138e-02 1.007608057020647346e-01 1.221383739279480740e-01 1.123855717954773542e-01 1.234329531450555767e-01 1.557349311960646576e-01 1.504826599116900476e-01 1.330455800628323471e-01 1.258103726767618724e-01 3.996519721752583854e-01 1.725653854300898127e-01 4.020797673627746760e-01 3.793840661965515726e-01 1.465254304405184949e-01 1.073710740638584432e-01 4.117657457466625259e-01 1.589103756168135650e-01 1.397656423847403739e-01 1.090340114327486287e-01 3.340423570494159278e-01 1.288592226479692293e-01 4.103072604096268394e-01 3.282306983724223026e-01 1.036798141086591324e-01 1.701886748740593092e-01 1.582186618008149803e-01 3.867824719532311772e-01 1.511780887683060459e-01 4.234866015347769075e-01 4.103507707469484789e-01 3.711500831925597099e-01 4.838141948420880412e-01 1.113109989575992165e-01 8.048291166068549662e-02 1.238460961908559865e-01 1.522980558430357678e-01 6.660385201619906104e-02 4.023054196011462968e-01 1.298165258759450824e-01 1.299734748928892958e-01 7.269549177684273000e-02 1.234885600276197648e-01
2.466701590272052935e-01 2.315945128278073528e-01 2.984807041684778839e-01 2.817882250133937339e-01 2.148923530222771883e-01 2.566860216015509066e-01 2.333744618646692026e-01 2.165834045931862573e-01 2.476905954928214360e-01 2.621830623802567373e-01 2.107853013521269470e-01 7.310299375644088715e-02 3.554058436203937910e-01 1.687127699384960156e-01 1.000000000000000000e+00 8.324964265549972264e-02 1.808201249267798183e-01 2.309585294019528834e-01 2.793122894729744843e-01 2.311381041590321317e-01 1.620597212872451065e-01 2.482560712384170309e-01 8.982958863557444218e-02 2.897318653800829424e-01 2.751349626779151514e-01 6.351283509054284071e-02 6.722414756924954826e-02 4.314754837860783621e-01 1.861414827369639036e-01 1.180864886282025628e-01 2.702349946395992131e-01 4.515905624042489130e-02 1.600548429084828472e-01 4.369980789108315333e-01 1.574706472178235561e-01 5.612215334791625237e-02 8.061732489233180976e-02 3.709856208983555170e-01 8.403051614434997596e-02 1.908035226933479100e-01 7.549234204472517196e-02 2.308817148956903154e-01 1.828815190799756019e-01 2.179079042666762223e-01 1.517088946230478741e-01 1.512547592831744447e-01 9.549157784376949287e-02 6.868339978621511299e-02 7.699021902955517638e-02 3.382730729077002563e-01 2.003131986704355105e-01 4.563244780944336609e-01 3.804408831025948845e-01 1.637998413606406301e-01 3.004568093414090590e-01 1.548845189509138742e-01 1.872422020149245581e-01 3.236442289620989343e-01 2.433248143573004119e-01 1.700638314404462059e-01 7.418611945867664703e-02 2.304281227348101702e-01 6.061737989723975373e-02 1.344053642495938727e-01 3.785858864680168856e-01 1.513442686423553118e-01 1.687193299489435361e-01 3.007486437343365182e-01 1.878010199845075445e-01 3.226808496296254547e-01 4.400892709866635610e-02 2.933471893346279447e-01 6.779354291618648609e-02 4.836189266604905973e-02 1.824926908576975926e-01 2.436827085127709069e-01 2.019626765048484762e-01 6.234455873174479801e-02 2.267197251795495805e-01 8.971062163144305490e-02 1.539170642896433572e-01 5.255502950798142392e-02 1.328340548250266095e-01 1.888120618375145054e-01 2.835063713376628214e-01 2.422284820103420833e-01 2.578195146375110158e-01 1.231806891894782763e-01 7.309181635138375932e-02 2.094548646365419486e-01 1.258046251037269470e-01 1.607380777109339853e-01 1.953203013481732142e-01
5.846363833386841041e-02 7.030473976983418749e-02 8.698887498298196741e-02 4.943874937394547586e-02 3.234427602094226695e-02 1.435348300369884145e-01 6.749620962853454531e-02 6.095387559066057365e-02 6.574769711065510391e-02 7.722376614796146177e-02 2.295183837398973373e-02 7.745814754537180269e-01 5.647560983881399349e-02 3.912124328166627363e-01 8.324964265549972264e-02 1.000000000000000222e+00 5.457526840555191466e-02 7.053781399889766379e-02 4.830815015135212637e-02 2.943784278830647305e-01 5.579931788706745527e-02 4.899494266255109004e-02 2.537105853738975611e-02 6.641219964201568182e-02 7.008986618093175636e-02 1.390483590797195190e-01 6.960321003312117671e-01 5.229834966962654957e-02 6.297551401633068313e-02 3.380716086538260862e-02 5.264969660115802197e-02 6.510582804338923557e-01 5.880101931520446273e-02 7.120158007629867614e-02 5.138910513584638018e-02 7.298784050719859806e-01 8.108662627586568084e-01 6.063368326503499467e-02 8.950048264507580731e-01 4.783814371693989598e-02 9.110784172405638204e-01 5.130901704615074832e-02 4.534872592505631572e-02 6.308406544193131960e-02 4.170220111083775688e-02 6.663751734023272422e-02 2.885877639458525601e-02 7.271964929239982389e-01 8.520295550050941413e-01 7.698243231322707270e-02 6.723927062287045342e-02 6.494836522320182604e-02 3.713217700750894024e-02 8.282746548287138466e-02 4.946846657859600010e-02 4.647319491285047816e-02 7.082568554060171551e-02 5.873788455750946630e-02 8.113259529093116984e-02 6.975857737228405298e-02 7.104683672914500203e-01 7.760391629250280865e-02 7.466150305188492542e-01 3.944029217560943712e-01 7.124158123710823409e-02 3.678451934487771829e-02 3.501474668775501065e-01 7.823993523299553610e-02 5.128442697597392769e-02 7.993500679278521537e-02 6.428524408525838618e-01 8.252232793559445556e-02 8.777506426533039363e-01 6.595347074958308742e-01 4.679076148135965368e-02 7.123554879111372584e-02 8.337927675444267717e-02 7.165473512040508863e-01 5.104721656875985114e-02 8.885411957217685952e-01 6.314514258040013761e-01 9.087434785440186014e-01 6.089200161412932077e-01 7.439756513157085027e-02 5.849136266856499317e-02 8.258456181725346013e-02 5.900533161062306714e-02 5.408600777222274947e-02 8.936015410647425439e-01 4.822954447226014685e-02 5.558776031260345696e-02 5.576925654152568163e-02 6.578326563991826470e-02
2.315970713209839493e-01 2.442457042433113790e-01 1.747965328042789257e-01 3.104318822694095426e-01 1.628132192562198599e-01 2.619153947324117659e-01 4.626080805837471388e-01 1.393612328630170205e-01 1.782115046274067305e-01 2.018818177665401004e-01 8.119255535633945753e-02 7.721218816443221888e-02 1.777710993345758828e-01 1.306221332272941571e-01 1.808201249267798183e-01 5.457526840555191466e-02 1.000000000000000000e+00 2.292800147360073981e-01 1.754694306925602132e-01 2.476478873411407100e-01 1.496264184727351676e-01 1.361256118509230340e-01 7.188803863196432942e-02 1.883870411840314896e-01 2.285409449345259247e-01 6.649396929615888907e-02 6.862267700650066804e-02 2.476008881359284264e-01 1.607914310853181816e-01 9.661829247482271732e-02 1.751907690373956661e-01 5.296619306567114382e-02 9.004089517480338978e-02 2.425237768051153597e-01 1.312447258060500666e-01 6.519215372968305278e-02 5.083356285451925277e-02 2.452164421856447007e-01 4.828221389660371232e-02 3.121319123703752418e-01 5.348163942897960627e-02 2.440952744044986300e-01 2.697123962434466726e-01 4.477389551950258229e-01 1.207931158515917758e-01 1.322710409002318122e-01 1.060498636870395861e-01 7.738405665757405738e-02 4.815051980627593070e-02 2.084948273283610820e-01 5.925851767814261928e-01 1.719225994027792359e-01 1.433158838083822550e-01 2.061144178396224769e-01 2.296828777792394027e-01 1.669517682619733878e-01 4.911684764634801081e-01 1.937336100092157953e-01 2.889530394777186650e-01 2.147031071103302213e-01 6.919720423908010121e-02 4.347508457347595834e-01 7.565870172163945140e-02 9.903186191883879552e-02 2.682114236717396127e-01 1.208636172035409961e-01 2.229359730070877010e-01 2.775982422009960482e-01 3.551586628594661232e-01 2.174780664226798610e-01 8.385412476747303168e-02 2.686381768836165751e-01 7.197276500172693214e-02 5.557773099920199772e-02 1.422248434751912372e-01 2.676627560070480860e-01 2.761168069664845515e-01 5.641761677973625155e-02 1.914454870705457890e-01 4.762562911884435368e-02 1.295563664235835355e-01 4.547240010853921544e-02 6.978195452470588311e-02 1.680606573130111192e-01 3.282941106199008252e-01 3.682791794491747650e-01 1.883724928226833961e-01 1.613755284249925870e-01 5.373585249491019677e-02 1.226665477157603684e-01 3.914448592653934633e-01 3.696748364776276663e-01 1.773684332901253324e-01
