1.000000000000000000e+00 2.027922911845274900e-01 2.199665229994016702e-01 1.858772304306096357e-01 2.429075843404673862e-01 1.732481530843559547e-01 2.359563038436565119e-01 2.947553208305482286e-01 2.040452724332990908e-01 2.356359099732652507e-01 2.416208678270903576e-01 1.709467741781991179e-01 2.980160570556251165e-01 3.415528713642324021e-01 2.503930310732341846e-01 1.783740863451946101e-01 3.594785035404496343e-01 2.536413478768493879e-01 9.684287380943173984e-02 1.573229925029497323e-01 2.809880170418028733e-01 2.013261168957197478e-01 1.981758604600939444e-01 2.625221576730056849e-01 2.354407332825735610e-01 1.407659915669818851e-01 1.596827555360663675e-01 1.268899708327208553e-01 1.412527410194930055e-01 1.364473243523914858e-01 1.997856186356125052e-01 3.051680379529164711e-01 3.015052209512463222e-01 2.548323514382642152e-01 2.440212127452888180e-01 2.658059330433844569e-01 2.112124137472438934e-01 3.645786790956817569e-01 3.228079773630138649e-01 2.715957156829540420e-01 3.309902406819447696e-01 3.190340478284846015e-01 2.206581290920680560e-01 1.537834596269931631e-01 3.706090796679745725e-01 2.307564843687077705e-01 8.252145407413961908e-02
2.027922911845274900e-01 1.000000000000000000e+00 1.058860920177145948e-01 8.002423432648551882e-02 1.400392376058666177e-01 1.392194573355060305e-01 1.145699040073794028e-01 1.674230423445857985e-01 1.660510555308431779e-01 1.433455343406443983e-01 1.543922409158627884e-01 1.018995193472102545e-01 1.345057022122530255e-01 1.951264150804727926e-01 1.198385896195780231e-01 1.100587739348565797e-01 1.486879571902226249e-01 1.839161627597191428e-01 1.045062977851470287e-01 1.146873116733740927e-01 1.563531860735018209e-01 1.242863239537011499e-01 1.291911601412957245e-01 1.086456633467928340e-01 1.500648600927562692e-01 7.702702802139975435e-02 1.208177554160612399e-01 8.597215781358913400e-02 1.058679996205779267e-01 8.426307446073166840e-02 1.043241362970393771e-01 1.653403026842304169e-01 1.248920571842543625e-01 2.098057514355802511e-01 2.044036439158889995e-01 1.436430410538302171e-01 1.983043676186503346e-01 1.350336508532681001e-01 2.603706614680919573e-01 1.650735841136797000e-01 2.479704520653321087e-01 1.493372927980837761e-01 1.884162043782704188e-01 1.170291581862598629e-01 1.694535523113569475e-01 1.458964945780363842e-01 7.153767418362477759e-02
2.199665229994016702e-01 1.058860920177145948e-01 1.000000000000000222e+00 1.339904798046864520e-01 1.891613875950680645e-01 1.780574373601812033e-01 2.557040615354422286e-01 3.609991414063241089e-01 1.498165101360470486e-01 1.320803375558079473e-01 1.601188266012213701e-01 1.163473066549881446e-01 2.678107932415874082e-01 2.004471325826640282e-01 2.357898181907225887e-01 1.711952224862827443e-01 1.574068309227729112e-01 2.520340592014060355e-01 7.744084759634253801e-02 1.380021807252891641e-01 1.870377979451139372e-01 2.140971055606903650e-01 1.336167052373110897e-01 2.657350791642106858e-01 9.669341730425506931e-02 5.228158020434523975e-03 1.421261304845515827e-01 1.547201638122304435e-01 1.108267395323890292e-01 7.280437645570840555e-02 1.761621900785716732e-01 1.547862467438203271e-01 1.998697967238348416e-01 1.893705466144308402e-01 2.385950298429237726e-01 2.101770839247463774e-01 1.946177747422504489e-01 2.514046765798360061e-01 2.101110660614791681e-01 2.289261853075449660e-01 2.422332137968162546e-01 1.518600058767395899e-01 2.717412432498063080e-01 7.851826894777835797e-02 1.727492287448578467e-01 2.149714425827131126e-01 6.445999183740173943e-02
1.858772304306096357e-01 8.002423432648551882e-02 1.339904798046864520e-01 1.000000000000000000e+00 1.928472924899629903e-01 1.235219280124582875e-01 1.416283184441729237e-01 1.906653304004267968e-01 1.603210519828909830e-01 1.718539849396392982e-01 2.419127130606715526e-01 2.022361017861884491e-01 2.478565861325453257e-01 2.691257670045993922e-01 1.588898013128694220e-01 1.173179031136203504e-01 1.784831219523538570e-01 1.804351176423712455e-01 8.872461947978586838e-02 1.486019935799247349e-01 3.038338791781394765e-01 2.231409714825405288e-01 2.048612742533285902e-01 2.895344316853384337e-01 1.454053236744343724e-01 5.320915790552942226e-02 1.295790167738744558e-01 1.051208039799601673e-01 2.579238184645529786e-01 7.746230339152231081e-02 5.113165734232545390e-01 2.514913690717277550e-01 2.549436533448988240e-01 2.237841822852984774e-01 2.584515073471958524e-01 2.104049484716763729e-01 1.323192619006803572e-01 1.822656024540798836e-01 2.604198347436565419e-01 2.247680537606356055e-01 2.276565889165063916e-01 2.235977377725092141e-01 3.410147374587865210e-01 9.435889996713232863e-02 3.262925654487604521e-01 1.666809255334436579e-01 6.772476231721193118e-02
2.429075843404673862e-01 1.400392376058666177e-01 1.891613875950680645e-01 1.928472924899629903e-01 1.000000000000000000e+00 1.559612040834393587e-01 2.333500927547169368e-01 1.926095312305370344e-01 2.127840877683887522e-01 1.868964104923437897e-01 2.035437958800089542e-01 1.823156606881501385e-01 2.760592911449703535e-01 2.585214274097683562e-01 2.390082217537832232e-01 1.605727859900833165e-01 2.157536373989922818e-01 2.729844621690920015e-01 1.210373480893535136e-01 3.912587767240481851e-01 3.013144198652337180e-01 1.925352580201966646e-01 2.112113165048829511e-01 2.927642544136356828e-01 1.661791444642785887e-01 5.932745353238577657e-02 1.931491406128686417e-01 1.310941409595694218e-01 1.707382985781482065e-01 9.453908011517693499e-02 2.019691014811624830e-01 2.552850394921690191e-01 2.920932536401795732e-01 2.207216637804207959e-01 2.321189065878380975e-01 5.034007653992839115e-01 1.585469082663283902e-01 2.167725468643151021e-01 2.517290472075633945e-01 2.335911743626143677e-01 2.480102609783233769e-01 2.305210780281544691e-01 1.974742404240301952e-01 1.067482557045597302e-01 2.230286344560252487e-01 2.267744302169411308e-01 6.549956793992309234e-02
1.732481530843559547e-01 1.392194573355060305e-01 1.780574373601812033e-01 1.235219280124582875e-01 1.559612040834393587e-01 1.000000000000000222e+00 2.692656480418891274e-01 1.927207224112230388e-01 1.497044028524447956e-01 1.490782897380014960e-01 1.495291819200726124e-01 1.533059930141479899e-01 1.862651119749690887e-01 1.769133247907359596e-01 2.205870232429309463e-01 1.504493403396747753e-01 2.184290118660806579e-01 1.902754314612369602e-01 9.879985742131473792e-02 1.127897247370102107e-01 2.038906361928248256e-01 1.410572687494376087e-01 1.952019110256357770e-01 1.985785363798487357e-01 9.145411172897480179e-02 8.869535783902534470e-03 1.887608906077338777e-01 1.661123154424632153e-01 1.218616246526805919e-01 9.070880334383431276e-02 1.494820442752827494e-01 1.600259149638674772e-01 1.409767833292177308e-01 2.499800864239915821e-01 2.081383965063294539e-01 1.915144214659157962e-01 1.279883705013419304e-01 2.185904108847730731e-01 2.206071358540966920e-01 2.077100630134693926e-01 2.965727331977419667e-01 1.391454452391859831e-01 2.715676077093957530e-01 9.476068630056967701e-02 1.417563107663749045e-01 1.601623935448556191e-01 6.951509730094962425e-02
2.359563038436565119e-01 1.145699040073794028e-01 2.557040615354422286e-01 1.416283184441729237e-01 2.333500927547169368e-01 2.692656480418891274e-01 1.000000000000000222e+00 2.123601326568239078e-01 1.585615317109239364e-01 1.517469034916689163e-01 1.382793822523878113e-01 1.265188264684779795e-01 2.518875232742666115e-01 1.547588009292453493e-01 8.650748362168210193e-01 2.057691565300780734e-01 1.973547817737029419e-01 2.541850799666215410e-01 9.686383637067164099e-02 1.836487925073623795e-01 2.433623848478036755e-01 1.548590320405112131e-01 1.662963829992453735e-01 2.366500463889065764e-01 1.049907839347792859e-01 9.503961719097505506e-03 1.431171849374728855e-01 1.824769564585845549e-01 1.110701629337091934e-01 8.607652059158350799e-02 2.221014303241174714e-01 1.761132132628355773e-01 1.940964027163503136e-01 1.956488097119013780e-01 2.075207775045475322e-01 2.374956920496882340e-01 1.259868611395676685e-01 2.638946068377857612e-01 2.373554761024223581e-01 2.254880937882934311e-01 2.431556675617954633e-01 1.663568546994125263e-01 2.645238463187748468e-01 7.926878392646978522e-02 1.829160123349318490e-01 2.180179609595086221e-01 2.891999146607613855e-02
2.947553208305482286e-01 1.674230423445857985e-01 3.609991414063241089e-01 1.906653304004267968e-01 1.926095312305370344e-01 1.927207224112230388e-01 2.123601326568239078e-01 1.000000000000000000e+00 1.822899471292015461e-01 1.949197980925524709e-01 1.872408968721442080e-01 1.869654397186197026e-01 3.272604641898604338e-01 2.816271441354923355e-01 2.065988472227498762e-01 1.643748200439513196e-01 2.116741560453394566e-01 2.319881698420595828e-01 9.951913864500866458e-02 1.262551774829095141e-01 2.484794823968375921e-01 1.269832125965249525e-01 1.560440190548167128e-01 2.800963169460000679e-01 1.380407051482757386e-01 1.602878299001596341e-02 1.599150444949171135e-01 1.536614436672878448e-01 1.337368316788503098e-01 8.922132313128103287e-02 2.027203703532106105e-01 2.051828221366020222e-01 2.152004703783991502e-01 2.945644838012836941e-01 3.673377273997584513e-01 2.228760435084033154e-01 2.139923870390947336e-01 2.222497043349473400e-01 3.350184006617886734e-01 2.459093434807670397e-01 2.879834876256309184e-01 1.565127910436966696e-01 2.544678579142283792e-01 9.456494723695141325e-02 2.699150247879785192e-01 2.014250335774659950e-01 7.399144209264175986e-02
2.040452724332990908e-01 1.660510555308431779e-01 1.498165101360470486e-01 1.603210519828909830e-01 2.127840877683887522e-01 1.497044028524447956e-01 1.585615317109239364e-01 1.822899471292015461e-01 1.000000000000000000e+00 2.526029881809490618e-01 5.425025659591434790e-01 1.781519363183014515e-01 2.440766358525368607e-01 4.223672605851777617e-01 1.538931915744586321e-01 1.391219990679781193e-01 3.099873769711255500e-01 1.872746138995247112e-01 2.453257815364737748e-01 2.046824748807501149e-01 2.951906160034626914e-01 3.249840439430816130e-01 2.127256786061927918e-01 2.265777039022685568e-01 4.463964300385762085e-01 2.104730663242404820e-01 1.441381297304744902e-01 1.231159413577707501e-01 1.407371710532356046e-01 1.892208331366250496e-01 1.613961647903708052e-01 3.179630014972062990e-01 2.438458107542037512e-01 2.264127710810486527e-01 3.037807294308387807e-01 2.015525815739891147e-01 2.638020359650685154e-01 1.483414182163917405e-01 2.983335763886441616e-01 2.421371063506772559e-01 2.971944090231438129e-01 3.112798892584692778e-01 2.272293696533030094e-01 4.874859455084199489e-01 3.813795239848948304e-01 1.627568535109770731e-01 9.959842290988971114e-02
2.356359099732652507e-01 1.433455343406443983e-01 1.320803375558079473e-01 1.718539849396392982e-01 1.868964104923437897e-01 1.490782897380014960e-01 1.517469034916689163e-01 1.949197980925524709e-01 2.526029881809490618e-01 1.000000000000000222e+00 3.285067982689970356e-01 2.080984349830836133e-01 2.383278739030986748e-01 3.687981784472671998e-01 1.589990356948023098e-01 1.241924794091361778e-01 2.700748346241198528e-01 1.905014746723053820e-01 2.022791808621647869e-01 1.904878778593475652e-01 3.203482908167372134e-01 2.934845620174191816e-01 2.948386178668324642e-01 2.547075363411623883e-01 3.155446188799200802e-01 9.786868169140680584e-02 1.841971673027307799e-01 9.973734862087445252e-02 1.239286362038131417e-01 1.749241161071773965e-01 1.573593525372854740e-01 3.354783924699475395e-01 2.806185552094287994e-01 2.632395095949277564e-01 2.784405827720781157e-01 2.153396350183012786e-01 3.124947919325831158e-01 1.637561968950301539e-01 2.927044145284133370e-01 2.402359354683273052e-01 3.227322380866526341e-01 2.768536158597902919e-01 1.863756244650885685e-01 1.342277949547280025e-01 2.561994412460554260e-01 1.531633616474369908e-01 1.248239036450673745e-01
2.416208678270903576e-01 1.543922409158627884e-01 1.601188266012213701e-01 2.419127130606715526e-01 2.035437958800089542e-01 1.495291819200726124e-01 1.382793822523878113e-01 1.872408968721442080e-01 5.425025659591434790e-01 3.285067982689970356e-01 1.000000000000000222e+00 2.774714057841860537e-01 2.328889731827674947e-01 5.311581689126665395e-01 1.356025721114325899e-01 1.232119486818303022e-01 3.197575610641823496e-01 1.912773362606394190e-01 2.210609633492719439e-01 1.963797983768229283e-01 3.888111663494599468e-01 3.212920036141646563e-01 3.225877564374759476e-01 2.466609431577998501e-01 6.172692228066481990e-01 2.298854530475831492e-01 2.221798313420650650e-01 1.457491979730647091e-01 1.780253241997669655e-01 3.896332209686440007e-01 1.753325581718192250e-01 4.607147668358931858e-01 4.664023755596929943e-01 2.892969487039212528e-01 3.347348323260384007e-01 1.989050011163488452e-01 3.173845952857917707e-01 1.319288159602796384e-01 3.029231114611458664e-01 3.085903028803271830e-01 3.080192316053880774e-01 4.825936965752833374e-01 2.214679961431011146e-01 4.950944078299303053e-01 5.219859068799420632e-01 1.680922725578647414e-01 1.427035064472822468e-01
1.709467741781991179e-01 1.018995193472102545e-01 1.163473066549881446e-01 2.022361017861884491e-01 1.823156606881501385e-01 1.533059930141479899e-01 1.265188264684779795e-01 1.869654397186197026e-01 1.781519363183014515e-01 2.080984349830836133e-01 2.774714057841860537e-01 1.000000000000000222e+00 3.190187127034715409e-01 2.925370436552650610e-01 1.193125965551197487e-01 9.572014593058587872e-02 1.900876733938263452e-01 1.146101301449977267e-01 1.137851003999740263e-01 1.470366547986928507e-01 2.391378841372976405e-01 1.548662400402147643e-01 2.667242347712668327e-01 2.353949377247252506e-01 1.622373700486050285e-01 3.615594801607678599e-02 2.116517418246208204e-01 1.024293106144538584e-01 1.357414897075971405e-01 8.684615353755621714e-02 2.324334256551167932e-01 2.108126553530509650e-01 2.188831233392251330e-01 2.418162390383709615e-01 2.240586953928027092e-01 1.754970504968526301e-01 1.670204698538781396e-01 1.426625816242159672e-01 2.193745721601514653e-01 3.160026191534609508e-01 2.543822246754893768e-01 1.544227337833425640e-01 2.044870728208484645e-01 9.441348429034085443e-02 2.085794521991606865e-01 2.804854001620827875e-01 1.145411026316442982e-01
2.980160570556251165e-01 1.345057022122530255e-01 2.678107932415874082e-01 2.478565861325453257e-01 2.760592911449703535e-01 1.862651119749690887e-01 2.518875232742666115e-01 3.272604641898604338e-01 2.440766358525368607e-01 2.383278739030986748e-01 2.328889731827674947e-01 3.190187127034715409e-01 1.000000000000000222e+00 3.535567617606079627e-01 2.613732422245518272e-01 1.900718343226966422e-01 2.936696921656111736e-01 2.573758798610846776e-01 1.470082850265158891e-01 2.294034821088248022e-01 3.513779136397037206e-01 2.460465510971704961e-01 2.271148832107041382e-01 3.253526358681218533e-01 2.027020269890145721e-01 5.509901323221558234e-02 1.776108824457736934e-01 1.254541513241670403e-01 1.156426176800527811e-01 1.182200090864978376e-01 2.481802498665557632e-01 3.275784404895678015e-01 3.298044881633426240e-01 3.012474585342496125e-01 3.543814075953935494e-01 3.175605465996445553e-01 2.228979200479624390e-01 2.671542649059372998e-01 2.870815666174799663e-01 2.969257333553079747e-01 3.062351238377728491e-01 2.757569922449398803e-01 2.738056259577820173e-01 1.221512356958439627e-01 2.978537370538834606e-01 3.371487585911562834e-01 6.278616793137192786e-02
3.415528713642324021e-01 1.951264150804727926e-01 2.004471325826640282e-01 2.691257670045993922e-01 2.585214274097683562e-01 1.769133247907359596e-01 1.547588009292453493e-01 2.816271441354923355e-01 4.223672605851777617e-01 3.687981784472671998e-01 5.311581689126665395e-01 2.925370436552650610e-01 3.535567617606079627e-01 1.000000000000000222e+00 1.522304138093772963e-01 1.252706931201424956e-01 4.365222510080972729e-01 1.962995117833626069e-01 1.489265260373195399e-01 2.400758938327393899e-01 5.446039961181171618e-01 4.589030710067737995e-01 3.326432384185874502e-01 3.768894769680550816e-01 4.481698133869344014e-01 2.211404228285185625e-01 2.034957176475956642e-01 1.284797846399378107e-01 1.448923390337028272e-01 1.936338019252404896e-01 1.912615185899868009e-01 5.151004725540819784e-01 4.531359915568494157e-01 3.325349042170553382e-01 4.061702989100215988e-01 2.812910462170044035e-01 3.576961663712012740e-01 1.689259890657612007e-01 4.599937701645321342e-01 2.788958487556438270e-01 4.293733536949719820e-01 4.645481614947213900e-01 2.359896808693709713e-01 2.846145983687788927e-01 5.371955797940508592e-01 2.050033846131582294e-01 1.921510593715363979e-01
2.503930310732341846e-01 1.198385896195780231e-01 2.357898181907225887e-01 1.588898013128694220e-01 2.390082217537832232e-01 2.205870232429309463e-01 8.650748362168210193e-01 2.065988472227498762e-01 1.538931915744586321e-01 1.589990356948023098e-01 1.356025721114325899e-01 1.193125965551197487e-01 2.613732422245518272e-01 1.522304138093772963e-01 1.000000000000000000e+00 2.160940152840002959e-01 2.091878671122328059e-01 2.689805941201787176e-01 1.107649190716893800e-01 1.877506915692553624e-01 2.239402147291557899e-01 1.301102659914298021e-01 1.714609973037757029e-01 2.078247687763957186e-01 1.095775907779685393e-01 1.119466932137759378e-02 1.517091883155865240e-01 1.635689373963249427e-01 1.150156133729755142e-01 8.494490698865149458e-02 2.388053213416165277e-01 1.958315798262128815e-01 2.172553993510777381e-01 2.054144824469553987e-01 2.215327344002304688e-01 2.516362800648112574e-01 1.218831436744907126e-01 2.982757978125658571e-01 1.915602621578759157e-01 2.427847620673079521e-01 2.343591818365499957e-01 1.740130891367740740e-01 2.466938801018882521e-01 8.759267944628111591e-02 1.771552184130505136e-01 2.271071435785402548e-01 4.193361962466957138e-02
1.783740863451946101e-01 1.100587739348565797e-01 1.711952224862827443e-01 1.173179031136203504e-01 1.605727859900833165e-01 1.504493403396747753e-01 2.057691565300780734e-01 1.643748200439513196e-01 1.391219990679781193e-01 1.241924794091361778e-01 1.232119486818303022e-01 9.572014593058587872e-02 1.900718343226966422e-01 1.252706931201424956e-01 2.160940152840002959e-01 1.000000000000000000e+00 1.735994550160959993e-01 2.686259414438415538e-01 1.186580901299530005e-01 1.518774957870255016e-01 1.663677838853370450e-01 8.782875003534616754e-02 1.398423743200119529e-01 1.501404404659282821e-01 8.591392572971311148e-02 4.200495366180510143e-02 1.252853905922714783e-01 1.391850014789612622e-01 1.108868832052545550e-01 6.362999178012178347e-02 1.983921239368232059e-01 1.667273961606276500e-01 1.521582393923124332e-01 1.714412615079856095e-01 1.705044630847399600e-01 2.079766140859127810e-01 1.076172948497146203e-01 2.054087625526511418e-01 1.445343894933562023e-01 2.118421100349179020e-01 1.916945702154886910e-01 1.295973408604909616e-01 2.084706801008291421e-01 9.233050861371842888e-02 1.410928807953901742e-01 1.769990901336895572e-01 3.526134359284401054e-02
3.594785035404496343e-01 1.486879571902226249e-01 1.574068309227729112e-01 1.784831219523538570e-01 2.157536373989922818e-01 2.184290118660806579e-01 1.973547817737029419e-01 2.116741560453394566e-01 3.099873769711255500e-01 2.700748346241198528e-01 3.197575610641823496e-01 1.900876733938263452e-01 2.936696921656111736e-01 4.365222510080972729e-01 2.091878671122328059e-01 1.735994550160959993e-01 1.000000000000000000e+00 1.978013873788047050e-01 1.220639393267084899e-01 2.537309265741676256e-01 3.546044935832336487e-01 4.920935124695983154e-01 2.662854197364644127e-01 2.589315309200553861e-01 3.132451544196421800e-01 2.053476888336801531e-01 1.689322160826302877e-01 1.256026448376092175e-01 1.321511704340533888e-01 1.480401026530601405e-01 1.927714029341385527e-01 5.732191518858461565e-01 2.922086167552307434e-01 2.732894219959748905e-01 2.642541638345520250e-01 2.523443526002037141e-01 1.685414911775457436e-01 1.931820873922752979e-01 2.602434011643261491e-01 2.646595671879269362e-01 3.670857521001286705e-01 3.315188483510526085e-01 2.467903932768940878e-01 2.074389164158974008e-01 3.974483288077687027e-01 1.694093363576860134e-01 1.561444590858694359e-01
2.536413478768493879e-01 1.839161627597191428e-01 2.520340592014060355e-01 1.804351176423712455e-01 2.729844621690920015e-01 1.902754314612369602e-01 2.541850799666215410e-01 2.319881698420595828e-01 1.872746138995247112e-01 1.905014746723053820e-01 1.912773362606394190e-01 1.146101301449977267e-01 2.573758798610846776e-01 1.962995117833626069e-01 2.689805941201787176e-01 2.686259414438415538e-01 1.978013873788047050e-01 1.000000000000000000e+00 1.346061491380054209e-01 1.964202823512627982e-01 2.477181050294022802e-01 1.161379496177327858e-01 1.542166002974215966e-01 2.040311813725664281e-01 1.483867927302020273e-01 2.690272594843454504e-02 2.074167615222544392e-01 1.537433046769565437e-01 1.540345077695060572e-01 9.306858853179528213e-02 2.332563079571225717e-01 2.195400688080584861e-01 2.064635389151608935e-01 2.274681894877334520e-01 2.934076974525020032e-01 2.520165512182913625e-01 2.527175338829205087e-01 2.847125365964557342e-01 2.817458325129916230e-01 3.005485279479142569e-01 2.663048569629336559e-01 1.994123570807466439e-01 2.464228307699936615e-01 1.097810335723593683e-01 2.177300809434048467e-01 2.452027295715952515e-01 4.428838384237297060e-02
9.684287380943173984e-02 1.045062977851470287e-01 7.744084759634253801e-02 8.872461947978586838e-02 1.210373480893535136e-01 9.879985742131473792e-02 9.686383637067164099e-02 9.951913864500866458e-02 2.453257815364737748e-01 2.022791808621647869e-01 2.210609633492719439e-01 1.137851003999740263e-01 1.470082850265158891e-01 1.489265260373195399e-01 1.107649190716893800e-01 1.186580901299530005e-01 1.220639393267084899e-01 1.346061491380054209e-01 1.000000000000000000e+00 1.032247881122226596e-01 8.696302976398678775e-02 5.829138785507259612e-02 1.013019655312472206e-01 1.293007796803287424e-01 2.322064655013106049e-01 5.268456092189742479e-02 7.879084221238757957e-02 9.428109685094630821e-02 1.233061814028061087e-01 1.058860193244092196e-01 9.659401142123016926e-02 8.920930355908648912e-02 9.673476022082927450e-02 1.692100542737133007e-01 1.592058721181486003e-01 1.220384456825299863e-01 1.589017138844595889e-01 8.528250298363346249e-02 7.230241253765311293e-02 1.347994713338901973e-01 1.578364969306430277e-01 8.037551099299836133e-02 1.680201586985697881e-01 1.550060200829955215e-01 1.195504297283264267e-01 8.833072680254379361e-02 9.556204908903224993e-02
1.573229925029497323e-01 1.146873116733740927e-01 1.380021807252891641e-01 1.486019935799247349e-01 3.912587767240481851e-01 1.127897247370102107e-01 1.836487925073623795e-01 1.262551774829095141e-01 2.046824748807501149e-01 1.904878778593475652e-01 1.963797983768229283e-01 1.470366547986928507e-01 2.294034821088248022e-01 2.400758938327393899e-01 1.877506915692553624e-01 1.518774957870255016e-01 2.537309265741676256e-01 1.964202823512627982e-01 1.032247881122226596e-01 1.000000000000000222e+00 3.023046959008280354e-01 2.913283148995567395e-01 2.143932580410962407e-01 2.168161452264878719e-01 1.921116804804303135e-01 1.331895133826221933e-01 1.356440663740220987e-01 9.000830724999625554e-02 1.263642356344856776e-01 8.800128551430796975e-02 1.426345135140856812e-01 3.090818476181637076e-01 2.670991402858289288e-01 1.897138687649457534e-01 1.847518343963126253e-01 2.313735493928858189e-01 1.380206074635184910e-01 1.639699825758308693e-01 2.125334230791309786e-01 2.108795013276115182e-01 2.454757064850660309e-01 2.775421705700238384e-01 1.400024555038406615e-01 1.211451107981681846e-01 2.100301207372567980e-01 1.467844034730781400e-01 7.430925897646797895e-02
2.809880170418028733e-01 1.563531860735018209e-01 1.870377979451139372e-01 3.038338791781394765e-01 3.013144198652337180e-01 2.038906361928248256e-01 2.433623848478036755e-01 2.484794823968375921e-01 2.951906160034626914e-01 3.203482908167372134e-01 3.888111663494599468e-01 2.391378841372976405e-01 3.513779136397037206e-01 5.446039961181171618e-01 2.239402147291557899e-01 1.663677838853370450e-01 3.546044935832336487e-01 2.477181050294022802e-01 8.696302976398678775e-02 3.023046959008280354e-01 1.000000000000000222e+00 5.186922257812753845e-01 3.860400160646128565e-01 4.431280840225124140e-01 3.133446918182842267e-01 1.859657759363336493e-01 2.049538474721774584e-01 1.312671575032128279e-01 1.306846347418350318e-01 1.334947629309547468e-01 2.145218951162225773e-01 5.205788411355238843e-01 4.534903061924344114e-01 3.771275509929659098e-01 3.279561210467608623e-01 3.293195809005093899e-01 2.393409976357768476e-01 2.361908170196688472e-01 4.723073325853922588e-01 3.599270842433498485e-01 4.647704489139573014e-01 4.379296904298376480e-01 1.998172743348603786e-01 1.972679944328562252e-01 3.954376648677522255e-01 2.170198291014504011e-01 9.021998421701561688e-02
2.013261168957197478e-01 1.242863239537011499e-01 2.140971055606903650e-01 2.231409714825405288e-01 1.925352580201966646e-01 1.410572687494376087e-01 1.548590320405112131e-01 1.269832125965249525e-01 3.249840439430816130e-01 2.934845620174191816e-01 3.212920036141646563e-01 1.548662400402147643e-01 2.460465510971704961e-01 4.589030710067737995e-01 1.301102659914298021e-01 8.782875003534616754e-02 4.920935124695983154e-01 1.161379496177327858e-01 5.829138785507259612e-02 2.913283148995567395e-01 5.186922257812753845e-01 1.000000000000000000e+00 3.287127785823869552e-01 3.247615900242606934e-01 3.435558979213237385e-01 3.218448210119643216e-01 1.093062128562338475e-01 7.328833784851554456e-02 6.789354042875399287e-02 1.348315203667644901e-01 1.311486478136940637e-01 5.914869558078165168e-01 3.855064933659672621e-01 2.248914243140097413e-01 2.407159627638980892e-01 2.227502721548330067e-01 1.565153580831954161e-01 1.240475286133614768e-01 3.340981520375601033e-01 2.283041379756093614e-01 4.192602737802288981e-01 4.912154635882413078e-01 1.135487958686843407e-01 2.344960434692734130e-01 3.787498982112413870e-01 9.694031168423160316e-02 8.468726442538328236e-02
1.981758604600939444e-01 1.291911601412957245e-01 1.336167052373110897e-01 2.048612742533285902e-01 2.112113165048829511e-01 1.952019110256357770e-01 1.662963829992453735e-01 1.560440190548167128e-01 2.127256786061927918e-01 2.948386178668324642e-01 3.225877564374759476e-01 2.667242347712668327e-01 2.271148832107041382e-01 3.326432384185874502e-01 1.714609973037757029e-01 1.398423743200119529e-01 2.662854197364644127e-01 1.542166002974215966e-01 1.013019655312472206e-01 2.143932580410962407e-01 3.860400160646128565e-01 3.287127785823869552e-01 1.000000000000000222e+00 2.464764645800499865e-01 2.070220748256515753e-01 8.534849296151061915e-02 2.687404290434321497e-01 1.073571218624994883e-01 1.373594054190029889e-01 1.119062208097829775e-01 1.628536088638283530e-01 3.610108620071491581e-01 3.474034705927172006e-01 2.915031655973430169e-01 2.600272862979147726e-01 2.130082345943280775e-01 1.729052319440094465e-01 1.670343081046502531e-01 3.110333423753591231e-01 2.551638892042787377e-01 3.862173895368725129e-01 2.839222436473292088e-01 1.958725258219434773e-01 1.484976634180065203e-01 2.353335124685165536e-01 1.740495153706741738e-01 1.355827858638793681e-01
2.625221576730056849e-01 1.086456633467928340e-01 2.657350791642106858e-01 2.895344316853384337e-01 2.927642544136356828e-01 1.985785363798487357e-01 2.366500463889065764e-01 2.800963169460000679e-01 2.265777039022685568e-01 2.547075363411623883e-01 2.466609431577998501e-01 2.353949377247252506e-01 3.253526358681218533e-01 3.768894769680550816e-01 2.078247687763957186e-01 1.501404404659282821e-01 2.589315309200553861e-01 2.040311813725664281e-01 1.293007796803287424e-01 2.168161452264878719e-01 4.431280840225124140e-01 3.247615900242606934e-01 2.464764645800499865e-01 1.000000000000000222e+00 2.085024206643326383e-01 6.065014356215334829e-02 1.283331310229433864e-01 1.225667376103403983e-01 1.308570701739094067e-01 8.683508951222906891e-02 2.160653346655630747e-01 3.781912831490972238e-01 3.848714025664466409e-01 2.722487474953600994e-01 3.770605338948299079e-01 2.676780972693986183e-01 1.783231684584570265e-01 2.198351822123852939e-01 3.814003046575245026e-01 2.875293495385958797e-01 3.751852432611745836e-01 2.817698726797672748e-01 2.525253677733688695e-01 1.342884501054282254e-01 3.295246962719826644e-01 1.848815712395882882e-01 1.141236857139489858e-01
2.354407332825735610e-01 1.500648600927562692e-01 9.669341730425506931e-02 1.454053236744343724e-01 1.661791444642785887e-01 9.145411172897480179e-02 1.049907839347792859e-01 1.380407051482757386e-01 4.463964300385762085e-01 3.155446188799200802e-01 6.172692228066481990e-01 1.622373700486050285e-01 2.027020269890145721e-01 4.481698133869344014e-01 1.095775907779685393e-01 8.591392572971311148e-02 3.132451544196421800e-01 1.483867927302020273e-01 2.322064655013106049e-01 1.921116804804303135e-01 3.133446918182842267e-01 3.435558979213237385e-01 2.070220748256515753e-01 2.085024206643326383e-01 1.000000000000000000e+00 3.249317436111764379e-01 1.433209671055302725e-01 9.959321846557475655e-02 1.175424812813533615e-01 4.001701342088530566e-01 1.240073380527034752e-01 4.440141176553508706e-01 3.943217170746278755e-01 2.211543173614989310e-01 2.384039906666631237e-01 1.714020909872736032e-01 2.784861047867532857e-01 8.601603257260573288e-02 2.412679839680587635e-01 2.355827692238809112e-01 2.585550617548388330e-01 4.612716142001045960e-01 1.584014786908495842e-01 5.006749298168751139e-01 4.788736999192068633e-01 1.088739087979200409e-01 1.429104341610410445e-01
1.407659915669818851e-01 7.702702802139975435e-02 5.228158020434523975e-03 5.320915790552942226e-02 5.932745353238577657e-02 8.869535783902534470e-03 9.503961719097505506e-03 1.602878299001596341e-02 2.104730663242404820e-01 9.786868169140680584e-02 2.298854530475831492e-01 3.615594801607678599e-02 5.509901323221558234e-02 2.211404228285185625e-01 1.119466932137759378e-02 4.200495366180510143e-02 2.053476888336801531e-01 2.690272594843454504e-02 5.268456092189742479e-02 1.331895133826221933e-01 1.859657759363336493e-01 3.218448210119643216e-01 8.534849296151061915e-02 6.065014356215334829e-02 3.249317436111764379e-01 1.000000000000000222e+00 5.643246683153062097e-03 3.375420160172478562e-02 2.144115377153675908e-02 9.514922866633847287e-02 8.970342305424015839e-02 2.052311683234666895e-01 1.052380374774415928e-01 6.055625981634770588e-02 6.197905832051698455e-02 6.173105317351073457e-02 6.633601002247828393e-02 7.942590440513243311e-03 7.767606521888058280e-02 9.967024534882085174e-02 1.410914456458567667e-01 2.971366819734970188e-01 1.167447435637720445e-02 2.502330808150790009e-01 2.368093636965108995e-01 1.092066879405367494e-02 3.939975048702827609e-02
1.596827555360663675e-01 1.208177554160612399e-01 1.421261304845515827e-01 1.295790167738744558e-01 1.931491406128686417e-01 1.887608906077338777e-01 1.431171849374728855e-01 1.599150444949171135e-01 1.441381297304744902e-01 1.841971673027307799e-01 2.221798313420650650e-01 2.116517418246208204e-01 1.776108824457736934e-01 2.034957176475956642e-01 1.517091883155865240e-01 1.252853905922714783e-01 1.689322160826302877e-01 2.074167615222544392e-01 7.879084221238757957e-02 1.356440663740220987e-01 2.049538474721774584e-01 1.093062128562338475e-01 2.687404290434321497e-01 1.283331310229433864e-01 1.433209671055302725e-01 5.643246683153062097e-03 1.000000000000000222e+00 1.094527631300878656e-01 1.450514691330611061e-01 1.016731352395677107e-01 2.014172608275454635e-01 1.519702607313059839e-01 1.823621547939316412e-01 2.475694754965135913e-01 2.218725534060995708e-01 1.482591330384450123e-01 1.452739725595509901e-01 1.761641998608254323e-01 1.835073895835951374e-01 2.364843266996868032e-01 2.337535378386206564e-01 1.292838383748234898e-01 2.218704570089732597e-01 1.392012410088737384e-01 1.356636051936988552e-01 1.762810553403003078e-01 9.732156806936462234e-02
1.268899708327208553e-01 8.597215781358913400e-02 1.547201638122304435e-01 1.051208039799601673e-01 1.310941409595694218e-01 1.661123154424632153e-01 1.824769564585845549e-01 1.536614436672878448e-01 1.231159413577707501e-01 9.973734862087445252e-02 1.457491979730647091e-01 1.024293106144538584e-01 1.254541513241670403e-01 1.284797846399378107e-01 1.635689373963249427e-01 1.391850014789612622e-01 1.256026448376092175e-01 1.537433046769565437e-01 9.428109685094630821e-02 9.000830724999625554e-02 1.312671575032128279e-01 7.328833784851554456e-02 1.073571218624994883e-01 1.225667376103403983e-01 9.959321846557475655e-02 3.375420160172478562e-02 1.094527631300878656e-01 1.000000000000000222e+00 1.075228956008655312e-01 6.436815042827553901e-02 1.208903126606210437e-01 1.050344310561372035e-01 1.007288418067597002e-01 1.715447307673754473e-01 1.465935101423748721e-01 1.496011250895377398e-01 1.084694069007695327e-01 1.420428606363138835e-01 1.475390207728740910e-01 1.502808426292403521e-01 1.915511359213585840e-01 1.041735520507481028e-01 1.770855965123586395e-01 9.194007744639456914e-02 1.282363909262148050e-01 1.186964655309209610e-01 3.425279354205112287e-02
1.412527410194930055e-01 1.058679996205779267e-01 1.108267395323890292e-01 2.579238184645529786e-01 1.707382985781482065e-01 1.218616246526805919e-01 1.110701629337091934e-01 1.337368316788503098e-01 1.407371710532356046e-01 1.239286362038131417e-01 1.780253241997669655e-01 1.357414897075971405e-01 1.156426176800527811e-01 1.448923390337028272e-01 1.150156133729755142e-01 1.108868832052545550e-01 1.321511704340533888e-01 1.540345077695060572e-01 1.233061814028061087e-01 1.263642356344856776e-01 1.306846347418350318e-01 6.789354042875399287e-02 1.373594054190029889e-01 1.308570701739094067e-01 1.175424812813533615e-01 2.144115377153675908e-02 1.450514691330611061e-01 1.075228956008655312e-01 1.000000000000000222e+00 6.174410702063262008e-02 1.584666220468586018e-01 8.997852983589926801e-02 1.198685884411287011e-01 1.683717225881055102e-01 1.581049382425686878e-01 1.270879937700340745e-01 1.361319237376164837e-01 1.028631005304544710e-01 1.483111730448620491e-01 1.789357982709698092e-01 1.654593495001103753e-01 9.339889931520098387e-02 1.934020163681618998e-01 9.478376810397577679e-02 1.693749422962702589e-01 1.620846014955299175e-01 5.267320812957271975e-02
1.364473243523914858e-01 8.426307446073166840e-02 7.280437645570840555e-02 7.746230339152231081e-02 9.453908011517693499e-02 9.070880334383431276e-02 8.607652059158350799e-02 8.922132313128103287e-02 1.892208331366250496e-01 1.749241161071773965e-01 3.896332209686440007e-01 8.684615353755621714e-02 1.182200090864978376e-01 1.936338019252404896e-01 8.494490698865149458e-02 6.362999178012178347e-02 1.480401026530601405e-01 9.306858853179528213e-02 1.058860193244092196e-01 8.800128551430796975e-02 1.334947629309547468e-01 1.348315203667644901e-01 1.119062208097829775e-01 8.683508951222906891e-02 4.001701342088530566e-01 9.514922866633847287e-02 1.016731352395677107e-01 6.436815042827553901e-02 6.174410702063262008e-02 1.000000000000000222e+00 7.085228960420743294e-02 3.983041859889849823e-01 5.134550514023008549e-01 1.249170096643120592e-01 1.391786328060965749e-01 1.091868043647909320e-01 1.481401704811694531e-01 7.922649933349565354e-02 1.362600706929144312e-01 1.174514684583675000e-01 1.494778701120024200e-01 4.065116122194624704e-01 1.366464843837980891e-01 3.792380761499796749e-01 4.395672321230851276e-01 7.343553437574754095e-02 8.519392243457780955e-02
1.997856186356125052e-01 1.043241362970393771e-01 1.761621900785716732e-01 5.113165734232545390e-01 2.019691014811624830e-01 1.494820442752827494e-01 2.221014303241174714e-01 2.027203703532106105e-01 1.613961647903708052e-01 1.573593525372854740e-01 1.753325581718192250e-01 2.324334256551167932e-01 2.481802498665557632e-01 1.912615185899868009e-01 2.388053213416165277e-01 1.983921239368232059e-01 1.927714029341385527e-01 2.332563079571225717e-01 9.659401142123016926e-02 1.426345135140856812e-01 2.145218951162225773e-01 1.311486478136940637e-01 1.628536088638283530e-01 2.160653346655630747e-01 1.240073380527034752e-01 8.970342305424015839e-02 2.014172608275454912e-01 1.208903126606210437e-01 1.584666220468586018e-01 7.085228960420743294e-02 1.000000000000000222e+00 1.734169716096798097e-01 1.780977692787914513e-01 1.866786255625174362e-01 2.784536313990266243e-01 2.017989892115283346e-01 1.251166601658718625e-01 2.105288281151796448e-01 1.983929513493629948e-01 2.963113500045672644e-01 2.362171045230937461e-01 1.588340685105498473e-01 3.192118304889832170e-01 9.376912928264548308e-02 2.177738893135492959e-01 2.226825840427983649e-01 5.768344842629688496e-02
3.051680379529164711e-01 1.653403026842304169e-01 1.547862467438203271e-01 2.514913690717277550e-01 2.552850394921690191e-01 1.600259149638674772e-01 1.761132132628355773e-01 2.051828221366020222e-01 3.179630014972062990e-01 3.354783924699475395e-01 4.607147668358931858e-01 2.108126553530509650e-01 3.275784404895678015e-01 5.151004725540819784e-01 1.958315798262128815e-01 1.667273961606276500e-01 5.732191518858461565e-01 2.195400688080584861e-01 8.920930355908648912e-02 3.090818476181637076e-01 5.205788411355238843e-01 5.914869558078165168e-01 3.610108620071491581e-01 3.781912831490972238e-01 4.440141176553508706e-01 2.052311683234666895e-01 1.519702607313059839e-01 1.050344310561372035e-01 8.997852983589926801e-02 3.983041859889849823e-01 1.734169716096798097e-01 1.000000000000000000e+00 7.040466768048282420e-01 3.066040959746079708e-01 3.473034516598030863e-01 3.054596510537926912e-01 2.482233187831973387e-01 1.992130773492381823e-01 3.942597403519673693e-01 2.923307694294150494e-01 4.181710311091849652e-01 5.871099341301684316e-01 2.104778430081719609e-01 2.821216133246574609e-01 5.618885694050466117e-01 1.883834127679137049e-01 1.716388917858192864e-01
3.015052209512463222e-01 1.248920571842543625e-01 1.998697967238348416e-01 2.549436533448988240e-01 2.920932536401795732e-01 1.409767833292177308e-01 1.940964027163503136e-01 2.152004703783991502e-01 2.438458107542037512e-01 2.806185552094287994e-01 4.664023755596929943e-01 2.188831233392251330e-01 3.298044881633426240e-01 4.531359915568494157e-01 2.172553993510777381e-01 1.521582393923124332e-01 2.922086167552307434e-01 2.064635389151608935e-01 9.673476022082927450e-02 2.670991402858289288e-01 4.534903061924344114e-01 3.855064933659672621e-01 3.474034705927172006e-01 3.848714025664466409e-01 3.943217170746278755e-01 1.052380374774415928e-01 1.823621547939316412e-01 1.007288418067597002e-01 1.198685884411287011e-01 5.134550514023008549e-01 1.780977692787914513e-01 7.040466768048282420e-01 1.000000000000000000e+00 2.822988208668383847e-01 3.103782649360606882e-01 2.992151165480236297e-01 1.874380479165201063e-01 2.087752308070155716e-01 3.430052212000568868e-01 2.492732209823348699e-01 3.741890690136784325e-01 6.080934426912014690e-01 2.067276436708697374e-01 2.503381193392965609e-01 5.035553709351069385e-01 2.242284258319153789e-01 1.333555139038158366e-01
2.548323514382642152e-01 2.098057514355802511e-01 1.893705466144308402e-01 2.237841822852984774e-01 2.207216637804207959e-01 2.499800864239915821e-01 1.956488097119013780e-01 2.945644838012836941e-01 2.264127710810486527e-01 2.632395095949277564e-01 2.892969487039212528e-01 2.418162390383709615e-01 3.012474585342496125e-01 3.325349042170553382e-01 2.054144824469553987e-01 1.714412615079856095e-01 2.732894219959748905e-01 2.274681894877334520e-01 1.692100542737133007e-01 1.897138687649457534e-01 3.771275509929659098e-01 2.248914243140097413e-01 2.915031655973430169e-01 2.722487474953600994e-01 2.211543173614989310e-01 6.055625981634770588e-02 2.475694754965135913e-01 1.715447307673754473e-01 1.683717225881055102e-01 1.249170096643120592e-01 1.866786255625174362e-01 3.066040959746079708e-01 2.822988208668383847e-01 1.000000000000000222e+00 3.095304128309979141e-01 2.611427784911528049e-01 2.215091150340777471e-01 2.309711938399414688e-01 3.429635465365589719e-01 3.137559508659726326e-01 3.823595606281321446e-01 2.275260783320272040e-01 3.785424605134180553e-01 1.558831987033810207e-01 2.510705745920265297e-01 2.645870866838234137e-01 1.449120032936349889e-01
