1.000000000000000000e+00 2.454845215287157489e-01 1.292553803469316254e-01 2.418842559962616212e-01 1.688373707908105148e-01 2.538423292260001962e-01 1.803463697847526026e-01 3.092087644118768908e-01 2.237992748461057890e-01 2.044225719279931797e-01 2.273322758389019205e-01 1.336031283793686908e-01 2.546232009920317840e-01 7.350422113411721192e-02 2.351697617432857434e-01 1.982772935673794423e-01 1.193013262811840752e-01 2.442001000081915341e-01 2.879522721209309966e-01 3.458850544558023654e-01 1.491353004856880715e-01 4.061416536167875568e-01 2.711755210142374195e-01 9.441816103964795204e-02 1.386584296235976732e-01 7.447060503819183386e-02 1.118756927443576854e-01 2.277640290495804576e-01 1.451305861440571610e-01 2.165228938121437907e-01 1.470651024395234208e-01 3.345270863426016428e-01 1.920543363388049207e-01 2.829457280446207035e-01 1.827062373583176746e-01 4.452148999096519622e-02 1.670091133919643922e-01 1.687441668317017640e-01 1.974093773369975380e-01 2.499200243295788271e-01 3.638751084543474512e-01 2.547557348472627714e-01
2.454845215287157489e-01 1.000000000000000222e+00 9.381320689217492736e-02 1.860722005150515501e-01 2.336031556559851619e-01 2.140818018613625251e-01 1.217620437053432148e-01 1.835730791620538427e-01 4.375743879777309053e-01 1.693908674379840662e-01 2.231498791460534703e-01 1.431000549869614058e-01 2.239644072437906586e-01 7.496938201274595814e-02 3.147713766022973148e-01 3.787435718963250708e-01 1.639929124570936592e-01 2.441478397760523944e-01 2.569789421078083613e-01 2.925925721963797410e-01 1.692338203599292046e-01 2.868166940575943014e-01 2.519220389262418203e-01 1.674013474765823073e-01 1.672917998996594491e-01 1.122366892709041053e-01 2.882898017566967730e-01 2.522505584562509395e-01 1.608580397990772848e-01 2.013807110266601363e-01 1.642604207088785295e-01 2.194078209117580336e-01 2.092206727345387041e-01 2.304561639068658518e-01 1.873731132031440927e-01 1.656994749267078348e-01 1.799553378121816760e-01 2.174738970986858366e-01 2.390152611785533177e-01 1.976204514943717683e-01 2.626349615740855015e-01 2.759314710319361041e-01
1.292553803469316254e-01 9.381320689217492736e-02 1.000000000000000222e+00 8.793118528593933669e-02 8.481603916742014304e-02 1.251739548871133312e-01 7.997585973435034079e-02 7.963461054882432777e-02 9.400656452726431633e-02 1.058240325448983471e-01 1.148908764881927530e-01 6.502908918290753459e-02 1.009210873049727203e-01 3.622045677621989201e-02 1.303169464711242120e-01 9.472951013417243993e-02 6.944968856250734179e-02 8.632352036306195631e-02 1.025055720559716332e-01 1.203676858970044589e-01 6.857612709373166193e-02 9.878405779151817889e-02 9.319429613250364286e-02 3.794584659708968161e-02 6.516083982662546070e-02 3.730287952241673893e-02 8.073782925944078537e-02 1.063578744701658557e-01 7.165569510635630412e-02 9.059957575216942560e-02 6.776111282621517795e-02 1.234262125853768377e-01 1.008860816435554614e-01 1.231838838160415478e-01 9.652008565640902982e-02 3.194193685621100898e-02 7.299183005043455297e-02 6.542836961376249927e-02 7.953786744356808325e-02 1.028265382313038878e-01 5.554074026711631334e-02 1.356636798064801697e-01
2.418842559962616212e-01 1.860722005150515501e-01 8.793118528593933669e-02 1.000000000000000222e+00 1.821318157722919551e-01 2.559819361042903751e-01 1.006206656214311962e-01 4.126137014621908961e-01 2.298158588243771061e-01 1.389640100404190559e-01 2.391283547040357893e-01 2.032537490971244032e-01 2.991379032411631833e-01 1.320053456356380661e-01 2.303524653597765759e-01 1.959722619861816451e-01 1.335115580431333604e-01 2.536678411635324148e-01 2.119307883446965024e-01 2.295175447230957677e-01 1.740770177480706060e-01 1.798675876644177940e-01 2.061235172639294400e-01 7.084517531973925919e-02 1.683840188692651008e-01 9.966372773765756754e-02 1.424085254172878789e-01 2.593391791476057917e-01 1.610199620987521618e-01 1.883147403528571684e-01 1.619052191285884068e-01 1.739785435391652535e-01 1.504174279621087462e-01 1.364725270713744720e-01 2.165977995327749428e-01 1.270062761708234678e-01 1.482692722190631918e-01 1.844591668982390464e-01 2.310591217198567360e-01 2.036975433517010381e-01 1.114532625011919326e-01 2.161120121519701787e-01
1.688373707908105148e-01 2.336031556559851619e-01 8.481603916742014304e-02 1.821318157722919551e-01 1.000000000000000000e+00 2.077793356273062719e-01 9.159399817618446571e-02 1.785424946454635953e-01 2.728247947869795187e-01 8.608371328847624904e-02 2.121960997788269465e-01 1.108008999282715096e-01 1.656147869175007004e-01 7.002175241553364182e-02 1.835135714174123966e-01 2.218614429662809640e-01 1.431380319576991134e-01 2.342044769317150332e-01 1.805865448333184298e-01 1.934588919054281708e-01 1.767376829148181172e-01 1.027566357621713805e-01 1.694788554728818286e-01 1.004938319165386007e-01 1.353200024344653751e-01 8.989811135800350461e-02 1.144163669563478675e-01 1.841110134956492617e-01 1.388370609730400496e-01 1.381997508281564702e-01 1.420302118017195414e-01 1.150280470373182401e-01 1.305464776922346248e-01 1.129363404633967061e-01 2.507241225981007293e-01 7.603965983284884100e-02 1.591149833128435997e-01 1.473358036694291384e-01 2.430803948711331708e-01 1.820500207323183239e-01 1.016054050335872400e-01 2.219858158140131377e-01
2.538423292260001962e-01 2.140818018613625251e-01 1.251739548871133312e-01 2.559819361042903751e-01 2.077793356273062719e-01 1.000000000000000000e+00 9.266812689198371256e-02 1.986633207048642824e-01 2.017352985813142818e-01 1.203116523973001423e-01 3.079582539219780091e-01 1.642946635793060828e-01 2.118403886488060273e-01 1.109534815315877110e-01 1.522348218578474799e-01 2.269763597073721773e-01 1.597860519684497493e-01 2.283584076824353715e-01 1.773053708545720419e-01 2.382812419534298121e-01 2.093019485743085606e-01 1.767010820404876226e-01 2.239939460124005521e-01 8.620939843612590581e-02 1.865935077222207750e-01 1.136875932827036279e-01 1.277640301573653714e-01 2.852221457834839269e-01 1.745983449392678744e-01 1.977829847786006234e-01 1.561648800864144371e-01 1.801973641923433067e-01 1.887607820410819315e-01 1.463498685400891064e-01 2.679188008746490879e-01 6.703762231318731446e-02 1.782504286486738532e-01 1.520014448543167140e-01 1.742594072303780273e-01 2.302473165046117487e-01 2.190806017040455300e-01 2.273365053969937100e-01
1.803463697847526026e-01 1.217620437053432148e-01 7.997585973435034079e-02 1.006206656214311962e-01 9.159399817618446571e-02 9.266812689198371256e-02 1.000000000000000000e+00 1.247379247113512418e-01 1.459323547826510969e-01 1.162814974487623998e-01 9.965232242494838355e-02 7.186191735100111444e-02 1.032352322423354951e-01 4.305260860760656144e-02 1.665693367284671045e-01 9.122410930375467186e-02 5.246903318669142446e-02 1.046028313029375711e-01 2.575745900808192324e-01 1.783923792226870531e-01 9.408000931411844570e-02 1.037609733524935268e-01 1.129567121296737864e-01 4.461093315252274982e-02 6.142277393252069256e-02 3.795750023708343440e-02 7.445635237971938436e-02 9.124696984827496138e-02 5.883028954336587402e-02 1.277175891653290485e-01 5.742920219935034737e-02 1.353883761883617753e-01 6.772551349655071828e-02 1.090619272531010708e-01 7.953210992588491401e-02 6.144689278578789604e-02 7.168254654751768373e-02 7.452675388049942451e-02 1.289209635214031702e-01 8.363905593023140961e-02 5.798989555370229892e-02 1.026424208843109559e-01
3.092087644118768908e-01 1.835730791620538427e-01 7.963461054882432777e-02 4.126137014621908961e-01 1.785424946454635953e-01 1.986633207048642824e-01 1.247379247113512418e-01 1.000000000000000000e+00 3.342364147050141954e-01 1.847709695022666521e-01 2.814040377746288013e-01 1.994878619187766267e-01 2.522589994773972166e-01 2.233691019900532204e-01 3.333444157278346864e-01 2.426380138259196795e-01 1.148776462802192921e-01 3.636369383395045563e-01 2.411648440561372508e-01 2.375229585611700334e-01 1.766510598543469535e-01 2.952573488259546131e-01 2.125513681946381295e-01 6.977513593200913855e-02 1.872768629326853340e-01 8.614773904090022860e-02 1.714044393209372130e-01 2.337847831747197902e-01 1.329027396849637166e-01 2.275587902693111675e-01 2.264605479950620448e-01 2.464250224396054012e-01 2.906756544178281665e-01 1.793382449501210174e-01 2.306723599393569468e-01 1.663534755575673818e-01 1.377322251935019504e-01 1.508878383274918633e-01 2.922330943733968400e-01 1.714017246587457854e-01 1.066489881350234370e-01 2.293637777663237454e-01
2.237992748461057890e-01 4.375743879777309053e-01 9.400656452726431633e-02 2.298158588243771061e-01 2.728247947869795187e-01 2.017352985813142818e-01 1.459323547826510969e-01 3.342364147050141954e-01 1.000000000000000222e+00 1.875949637489960353e-01 2.568398579067671106e-01 1.744070058501976939e-01 1.821652515564216035e-01 9.600405239120649026e-02 3.650159990945038291e-01 3.149816255029248002e-01 2.435446976629537241e-01 3.191800709032683869e-01 2.640307726202348881e-01 2.070925047652436013e-01 1.977854401530440287e-01 2.210942644386020006e-01 1.660373381502098233e-01 1.280872668079606203e-01 1.790124444238369583e-01 1.319317285988231558e-01 3.577781897630172847e-01 2.439481926563155934e-01 1.341884410218535384e-01 1.763081508017657340e-01 2.100391827493328645e-01 1.986488326878078359e-01 2.057510747683128083e-01 1.913284359438923443e-01 2.520068762954538744e-01 1.427357135572070446e-01 1.455397983108893956e-01 1.778951498036075995e-01 2.697854190885221604e-01 1.533860204319767440e-01 1.697399098387206429e-01 2.741747688499839297e-01
2.044225719279931797e-01 1.693908674379840662e-01 1.058240325448983471e-01 1.389640100404190559e-01 8.608371328847624904e-02 1.203116523973001423e-01 1.162814974487623998e-01 1.847709695022666521e-01 1.875949637489960353e-01 1.000000000000000000e+00 1.480015229316300751e-01 1.826422042426185111e-01 1.920048396427042892e-01 9.129824288797054599e-02 4.423312140976269347e-01 9.313180205976967496e-02 7.216039420024314421e-02 1.935784406560128457e-01 2.313172771990906484e-01 1.069105896561162589e-01 1.252862320565097942e-01 3.883649255274770895e-01 1.888739624962533226e-01 9.097257414857673474e-02 9.172915852505149348e-02 5.559924159500957697e-02 1.501437795545202125e-01 1.201345456617041452e-01 6.412385731445312265e-02 1.597543440162434714e-01 5.869567719937462957e-02 2.145992424015867317e-01 1.357129370381376654e-01 4.137942460102714270e-01 9.358013299261690177e-02 1.353628725147424106e-01 1.081850113635388771e-01 1.181765080248572408e-01 2.696128922354739110e-01 1.263306243697494002e-01 8.788238672950432484e-02 1.240816478785707888e-01
2.273322758389019205e-01 2.231498791460534703e-01 1.148908764881927530e-01 2.391283547040357893e-01 2.121960997788269465e-01 3.079582539219780091e-01 9.965232242494838355e-02 2.814040377746288013e-01 2.568398579067671106e-01 1.480015229316300751e-01 1.000000000000000000e+00 2.090034164055232513e-01 2.177682008237856459e-01 2.013362906865548696e-01 2.260024447770054290e-01 2.314375183403311331e-01 1.882732848104245738e-01 2.800190907463250278e-01 2.090411742211491231e-01 2.371290775085975189e-01 4.540665677767069530e-01 2.662011551324376946e-01 2.264192607303338600e-01 7.640509879365157964e-02 2.481948049279937840e-01 1.163232988119503458e-01 1.262525701809220080e-01 4.810620166517498575e-01 2.011321187734632920e-01 2.864609858043448698e-01 1.563252552575318532e-01 2.147513064523823012e-01 2.944057735373994400e-01 2.189952269224975101e-01 2.964988247844870251e-01 8.250720838879448127e-02 1.862535483799901415e-01 1.729716229505519343e-01 2.373715244485748999e-01 2.367670155062608361e-01 1.323539711286071674e-01 2.407355763661672421e-01
1.336031283793686908e-01 1.431000549869614058e-01 6.502908918290753459e-02 2.032537490971244032e-01 1.108008999282715096e-01 1.642946635793060828e-01 7.186191735100111444e-02 1.994878619187766267e-01 1.744070058501976939e-01 1.826422042426185111e-01 2.090034164055232513e-01 1.000000000000000000e+00 2.027435732615631703e-01 8.857468524121830944e-02 2.304766166635164870e-01 1.323503164465593684e-01 9.315405895170411621e-02 1.689654788033263522e-01 1.728527610052046082e-01 1.347109898468350220e-01 1.709565241610953024e-01 1.768075357828261529e-01 1.467287126528667995e-01 7.450112471541871229e-02 1.330457673124126328e-01 5.840886228052100809e-02 1.260622041200711585e-01 2.124595116754943169e-01 1.000077932903889327e-01 1.280539257723731228e-01 9.823856598633139148e-02 1.455751797096685729e-01 1.203727215695062081e-01 1.585036708712015685e-01 1.423017333483164726e-01 9.826584376439179147e-02 1.549161495010824008e-01 1.287777025568196121e-01 1.599584393733708421e-01 1.198766140601590785e-01 9.092097307141558393e-02 1.291478924858096289e-01
2.546232009920317840e-01 2.239644072437906586e-01 1.009210873049727203e-01 2.991379032411631833e-01 1.656147869175007004e-01 2.118403886488060273e-01 1.032352322423354951e-01 2.522589994773972166e-01 1.821652515564216035e-01 1.920048396427042892e-01 2.177682008237856459e-01 2.027435732615631703e-01 1.000000000000000222e+00 9.539460376084583915e-02 1.853222762644516908e-01 1.888081299697282889e-01 1.240130179815500111e-01 2.344882613740590926e-01 1.959451819545457718e-01 2.418312508981075581e-01 2.004861307974274975e-01 2.201871743018977978e-01 2.811423556036117821e-01 1.047715015760955354e-01 1.503521512169107843e-01 6.710538135124120840e-02 1.745966557336888214e-01 2.402031528759299706e-01 1.397746931920785529e-01 2.131642109240912408e-01 1.334781272690611087e-01 1.694526829002211965e-01 1.748168264932939697e-01 2.140455701698122104e-01 1.719107567773924816e-01 1.202152902892855840e-01 1.375411393208716970e-01 2.429650560639788626e-01 1.738099751354574007e-01 1.879668376691395471e-01 1.156800994664279325e-01 2.100833466732054677e-01
7.350422113411721192e-02 7.496938201274595814e-02 3.622045677621989201e-02 1.320053456356380661e-01 7.002175241553364182e-02 1.109534815315877110e-01 4.305260860760656144e-02 2.233691019900532204e-01 9.600405239120649026e-02 9.129824288797054599e-02 2.013362906865548696e-01 8.857468524121830944e-02 9.539460376084583915e-02 1.000000000000000222e+00 1.514777219278815035e-01 1.515811145868528331e-01 6.707520097116789759e-02 9.581124185209759225e-02 8.068115282932046550e-02 8.854678563359329180e-02 8.061284021415290879e-02 9.859303918161700653e-02 9.594736720271554442e-02 5.632987534862261142e-02 1.439924031036437790e-01 4.782504421659233840e-02 5.866509337623930509e-02 1.116927072546646388e-01 9.418990271491367583e-02 1.429289979243685560e-01 5.956544574343466958e-02 7.186611477739916765e-02 4.186677479476199060e-01 9.759028649729986626e-02 8.521023492382082121e-02 6.325172563117532898e-02 5.996609725402026608e-02 8.425078109409736560e-02 1.460697940857969279e-01 7.454433377515742865e-02 3.988609612762875761e-02 1.108679435778367334e-01
2.351697617432857434e-01 3.147713766022973148e-01 1.303169464711242120e-01 2.303524653597765759e-01 1.835135714174123966e-01 1.522348218578474799e-01 1.665693367284671045e-01 3.333444157278346864e-01 3.650159990945038291e-01 4.423312140976269347e-01 2.260024447770054290e-01 2.304766166635164870e-01 1.853222762644516908e-01 1.514777219278815035e-01 1.000000000000000000e+00 2.860148459171848456e-01 1.138176867565994094e-01 2.674403596241941572e-01 3.874269900831608382e-01 1.513863820534839533e-01 1.569301564019804363e-01 4.283007328160620686e-01 2.502853376464683754e-01 1.354594459841029219e-01 1.451844335037306977e-01 1.228706617066712831e-01 2.119848524604504292e-01 1.980490275898711128e-01 9.216554422386191714e-02 2.444075397202465638e-01 1.002527425136004596e-01 2.528709065230539954e-01 2.444713707259563995e-01 4.278320707672703671e-01 1.344064294638286639e-01 1.759281271593838847e-01 1.522688446297038312e-01 1.475889424002724548e-01 5.157351433321786249e-01 1.345186804184014540e-01 1.554851456844376090e-01 2.103182310753792805e-01
1.982772935673794423e-01 3.787435718963250708e-01 9.472951013417243993e-02 1.959722619861816451e-01 2.218614429662809640e-01 2.269763597073721773e-01 9.122410930375467186e-02 2.426380138259196795e-01 3.149816255029248002e-01 9.313180205976967496e-02 2.314375183403311331e-01 1.323503164465593684e-01 1.888081299697282889e-01 1.515811145868528331e-01 2.860148459171848456e-01 1.000000000000000222e+00 1.719624535422412115e-01 3.315731522054838898e-01 2.883935070409251455e-01 2.241188120578507248e-01 1.527982319609225981e-01 2.909039246684102520e-01 3.428048760763215963e-01 8.112369578406562753e-02 1.423802619091675270e-01 1.105814896625610805e-01 1.655942967383852715e-01 2.546661065477279773e-01 1.591239923411047197e-01 1.655669718883485686e-01 2.173300094568376417e-01 1.393744122176888700e-01 2.671749203430721087e-01 1.654320226089261714e-01 1.982941073576509894e-01 7.402137930994347192e-02 1.672622697686946269e-01 1.708848968171368665e-01 2.655201877347000416e-01 2.037409368442975877e-01 1.204169289510596402e-01 3.138555461550165404e-01
1.193013262811840752e-01 1.639929124570936592e-01 6.944968856250734179e-02 1.335115580431333604e-01 1.431380319576991134e-01 1.597860519684497493e-01 5.246903318669142446e-02 1.148776462802192921e-01 2.435446976629537241e-01 7.216039420024314421e-02 1.882732848104245738e-01 9.315405895170411621e-02 1.240130179815500111e-01 6.707520097116789759e-02 1.138176867565994094e-01 1.719624535422412115e-01 1.000000000000000000e+00 1.533261807047446024e-01 1.303943405928459642e-01 1.556319906217790705e-01 1.188922899018923923e-01 9.309997059464795999e-02 1.223946871178344109e-01 5.914691756440836751e-02 1.295000015085432665e-01 1.000997891026453035e-01 1.137888340035232981e-01 1.382072594147525646e-01 1.304683440467663824e-01 1.151414367873460215e-01 1.028427035277756224e-01 8.364589048413956229e-02 1.093462840969579575e-01 8.329030179284943602e-02 1.695337501757700205e-01 7.499857520153052626e-02 1.549744235727135988e-01 1.559139667117097061e-01 1.177177498894010632e-01 1.407171061794647848e-01 7.218153051662440367e-02 1.958236576883985725e-01
2.442001000081915341e-01 2.441478397760523944e-01 8.632352036306195631e-02 2.536678411635324148e-01 2.342044769317150332e-01 2.283584076824353715e-01 1.046028313029375711e-01 3.636369383395045563e-01 3.191800709032683869e-01 1.935784406560128457e-01 2.800190907463250278e-01 1.689654788033263522e-01 2.344882613740590926e-01 9.581124185209759225e-02 2.674403596241941572e-01 3.315731522054838898e-01 1.533261807047446024e-01 1.000000000000000222e+00 2.005755998232522930e-01 2.359232892297128126e-01 1.733588946035244938e-01 1.983249707948200324e-01 2.087326243121908620e-01 7.428993408227679840e-02 1.768775444938268659e-01 9.264327023803362038e-02 1.694006236299476775e-01 2.420799989174520217e-01 1.785302528512577869e-01 1.775880110455824445e-01 5.639481796238794420e-01 1.743635758539379965e-01 1.756843993960232331e-01 1.522464354826825184e-01 2.114467944444884673e-01 1.031200237060019287e-01 1.939329384217539365e-01 1.767547911580079345e-01 2.434425334731256385e-01 2.048275342156457290e-01 1.124726834440694934e-01 2.698868573723913755e-01
2.879522721209309966e-01 2.569789421078083613e-01 1.025055720559716332e-01 2.119307883446965024e-01 1.805865448333184298e-01 1.773053708545720419e-01 2.575745900808192324e-01 2.411648440561372508e-01 2.640307726202348881e-01 2.313172771990906484e-01 2.090411742211491231e-01 1.728527610052046082e-01 1.959451819545457718e-01 8.068115282932046550e-02 3.874269900831608382e-01 2.883935070409251455e-01 1.303943405928459642e-01 2.005755998232522930e-01 1.000000000000000000e+00 2.808687927229699399e-01 1.416952614165687685e-01 3.008482449038666351e-01 2.761173261252506950e-01 9.672152789645797888e-02 1.309270331191843828e-01 1.042605175686119046e-01 1.336900639260091006e-01 1.728290936743345774e-01 1.795913680635158327e-01 2.203049720915847831e-01 1.165641636659203867e-01 2.061466537257208576e-01 1.624251813579648263e-01 2.103080845891629469e-01 1.326864015680098152e-01 1.536813490725285614e-01 1.891055346871835241e-01 1.460627472471576760e-01 3.318346793219081881e-01 1.617876662973823931e-01 1.061806457630217471e-01 2.065750039654929981e-01
3.458850544558023654e-01 2.925925721963797410e-01 1.203676858970044589e-01 2.295175447230957677e-01 1.934588919054281708e-01 2.382812419534298121e-01 1.783923792226870531e-01 2.375229585611700334e-01 2.070925047652436013e-01 1.069105896561162589e-01 2.371290775085975189e-01 1.347109898468350220e-01 2.418312508981075581e-01 8.854678563359329180e-02 1.513863820534839533e-01 2.241188120578507248e-01 1.556319906217790705e-01 2.359232892297128126e-01 2.808687927229699399e-01 1.000000000000000000e+00 1.658603724858697670e-01 1.911478942009829651e-01 2.721520114433467197e-01 6.929546410990206073e-02 1.444999671799934993e-01 9.232662138197687829e-02 1.138732110826245897e-01 2.393829228310198898e-01 1.583284940655449724e-01 2.178248491605845050e-01 1.495553020287660184e-01 1.688182999091044634e-01 1.485309440878340159e-01 2.066984047406233149e-01 2.037145356778230776e-01 7.545993531029862589e-02 1.845086197960804919e-01 1.765751351879382980e-01 1.561733182950384435e-01 2.185776622894400334e-01 1.303175984499939655e-01 2.679483303024793872e-01
1.491353004856880715e-01 1.692338203599292046e-01 6.857612709373166193e-02 1.740770177480706060e-01 1.767376829148181172e-01 2.093019485743085606e-01 9.408000931411844570e-02 1.766510598543469535e-01 1.977854401530440287e-01 1.252862320565097942e-01 4.540665677767069530e-01 1.709565241610953024e-01 2.004861307974274975e-01 8.061284021415290879e-02 1.569301564019804363e-01 1.527982319609225981e-01 1.188922899018923923e-01 1.733588946035244938e-01 1.416952614165687685e-01 1.658603724858697670e-01 1.000000000000000000e+00 1.895567740950444835e-01 1.553927976674753242e-01 9.092923934308394518e-02 1.654596494923342986e-01 1.063995167796874114e-01 1.175975801123040759e-01 3.466235509302678097e-01 1.337232330882902054e-01 1.958069729819192639e-01 9.913679461108577951e-02 1.765627109057852084e-01 1.571657228070996171e-01 1.692886624224257397e-01 2.687594647330672770e-01 1.269493589216685592e-01 1.548870834921678707e-01 1.588317406457928349e-01 1.718817751735647326e-01 1.519804111570424443e-01 8.331298177136034488e-02 1.429600345707884579e-01
4.061416536167875568e-01 2.868166940575943014e-01 9.878405779151817889e-02 1.798675876644177940e-01 1.027566357621713805e-01 1.767010820404876226e-01 1.037609733524935268e-01 2.952573488259546131e-01 2.210942644386020006e-01 3.883649255274770895e-01 2.662011551324376946e-01 1.768075357828261529e-01 2.201871743018977978e-01 9.859303918161700653e-02 4.283007328160620686e-01 2.909039246684102520e-01 9.309997059464795999e-02 1.983249707948200324e-01 3.008482449038666351e-01 1.911478942009829651e-01 1.895567740950444835e-01 1.000000000000000000e+00 2.749257815306629937e-01 9.944514320648731309e-02 1.259852286700409996e-01 6.221892694383646810e-02 1.716640626319352603e-01 2.569452718289677029e-01 9.763848566277695540e-02 2.013781714075945084e-01 1.092433495415326694e-01 2.974470792138931841e-01 2.113616461658849033e-01 4.811645355902725019e-01 1.319098501018590441e-01 1.220072214964449814e-01 1.041052903690222187e-01 1.506063551070830620e-01 3.056010978469847483e-01 2.244798982497130946e-01 1.687993572149152077e-01 1.802217420125159786e-01
2.711755210142374195e-01 2.519220389262418203e-01 9.319429613250364286e-02 2.061235172639294400e-01 1.694788554728818286e-01 2.239939460124005521e-01 1.129567121296737864e-01 2.125513681946381295e-01 1.660373381502098233e-01 1.888739624962533226e-01 2.264192607303338600e-01 1.467287126528667995e-01 2.811423556036117821e-01 9.594736720271554442e-02 2.502853376464683754e-01 3.428048760763215963e-01 1.223946871178344109e-01 2.087326243121908620e-01 2.761173261252506950e-01 2.721520114433467197e-01 1.553927976674753242e-01 2.749257815306629937e-01 1.000000000000000000e+00 6.652582205599485987e-02 1.498752840240082651e-01 6.791377429748210459e-02 8.605413654285633263e-02 2.181111622417143403e-01 1.433053684948547291e-01 1.788204752995943836e-01 1.413152795621283320e-01 1.581557941886103935e-01 1.355191801678430341e-01 3.348419061102866912e-01 1.798505225478586877e-01 6.103765213347293883e-02 1.416731989716910611e-01 1.546279953137063290e-01 2.128360652885109838e-01 2.088846613905109562e-01 1.048878231138987288e-01 2.281335239754981037e-01
9.441816103964795204e-02 1.674013474765823073e-01 3.794584659708968161e-02 7.084517531973925919e-02 1.004938319165386007e-01 8.620939843612590581e-02 4.461093315252274982e-02 6.977513593200913855e-02 1.280872668079606203e-01 9.097257414857673474e-02 7.640509879365157964e-02 7.450112471541871229e-02 1.047715015760955354e-01 5.632987534862261142e-02 1.354594459841029219e-01 8.112369578406562753e-02 5.914691756440836751e-02 7.428993408227679840e-02 9.672152789645797888e-02 6.929546410990206073e-02 9.092923934308394518e-02 9.944514320648731309e-02 6.652582205599485987e-02 1.000000000000000000e+00 5.321642466395296728e-02 9.212488887599894205e-02 1.246736103797065065e-01 1.016412099555123183e-01 5.576634086441059623e-02 8.258484481708276703e-02 4.862004848231041287e-02 1.121671055291624669e-01 1.290534052983164925e-01 9.794887213097558387e-02 6.439015304482577362e-02 9.433574703169045339e-02 6.030011110505464900e-02 1.192695991626755297e-01 1.084112102377934456e-01 6.301506465035028315e-02 1.201233505718328071e-01 1.220438360320507537e-01
1.386584296235976732e-01 1.672917998996594491e-01 6.516083982662546070e-02 1.683840188692651008e-01 1.353200024344653751e-01 1.865935077222207750e-01 6.142277393252069256e-02 1.872768629326853340e-01 1.790124444238369583e-01 9.172915852505149348e-02 2.481948049279937840e-01 1.330457673124126328e-01 1.503521512169107843e-01 1.439924031036437790e-01 1.451844335037306977e-01 1.423802619091675270e-01 1.295000015085432665e-01 1.768775444938268659e-01 1.309270331191843828e-01 1.444999671799934993e-01 1.654596494923342986e-01 1.259852286700409996e-01 1.498752840240082651e-01 5.321642466395296728e-02 1.000000000000000000e+00 8.414322973518048587e-02 9.018506425264079251e-02 1.794139881987965868e-01 2.447655677276640018e-01 1.615394852754467592e-01 1.051616753504810708e-01 1.024934604150078421e-01 1.749684339858821602e-01 1.119590496260390866e-01 1.779003751154976110e-01 6.620963567258771054e-02 2.469415293950387447e-01 9.912919521389171318e-02 1.610784114426267732e-01 1.560358750441879494e-01 9.104404545503212709e-02 1.523244413438376854e-01
7.447060503819183386e-02 1.122366892709041053e-01 3.730287952241673893e-02 9.966372773765756754e-02 8.989811135800350461e-02 1.136875932827036279e-01 3.795750023708343440e-02 8.614773904090022860e-02 1.319317285988231558e-01 5.559924159500957697e-02 1.163232988119503458e-01 5.840886228052100809e-02 6.710538135124120840e-02 4.782504421659233840e-02 1.228706617066712831e-01 1.105814896625610805e-01 1.000997891026453035e-01 9.264327023803362038e-02 1.042605175686119046e-01 9.232662138197687829e-02 1.063995167796874114e-01 6.221892694383646810e-02 6.791377429748210459e-02 9.212488887599894205e-02 8.414322973518048587e-02 1.000000000000000000e+00 1.505754158131289711e-01 1.124317287403725912e-01 5.794793151328607450e-02 6.850733496709658643e-02 6.684630947192524153e-02 5.914634353066555023e-02 1.005577106626630163e-01 5.203102165043292648e-02 1.259629554242301108e-01 6.944316477906525842e-02 8.557108710544812646e-02 7.455441315985639195e-02 1.246738088904685016e-01 7.844002102052480274e-02 5.511889345030850790e-02 1.500640451345879034e-01
1.118756927443576854e-01 2.882898017566967730e-01 8.073782925944078537e-02 1.424085254172878789e-01 1.144163669563478675e-01 1.277640301573653714e-01 7.445635237971938436e-02 1.714044393209372130e-01 3.577781897630172847e-01 1.501437795545202125e-01 1.262525701809220080e-01 1.260622041200711585e-01 1.745966557336888214e-01 5.866509337623930509e-02 2.119848524604504292e-01 1.655942967383852715e-01 1.137888340035232981e-01 1.694006236299476775e-01 1.336900639260091006e-01 1.138732110826245897e-01 1.175975801123040759e-01 1.716640626319352603e-01 8.605413654285633263e-02 1.246736103797065065e-01 9.018506425264079251e-02 1.505754158131289711e-01 1.000000000000000222e+00 1.548835834729286598e-01 9.345851108677902253e-02 1.123688427141043833e-01 1.004917102797282247e-01 1.404312579636562419e-01 1.543114719079614061e-01 1.297494202729804758e-01 1.472364167362038845e-01 1.313307557379239099e-01 1.025654055788004365e-01 1.452271879042713598e-01 1.520149029284103837e-01 1.006441833411369363e-01 1.345069494912320418e-01 1.736658344730253878e-01
2.277640290495804576e-01 2.522505584562509395e-01 1.063578744701658557e-01 2.593391791476057917e-01 1.841110134956492617e-01 2.852221457834839269e-01 9.124696984827496138e-02 2.337847831747197902e-01 2.439481926563155934e-01 1.201345456617041452e-01 4.810620166517498575e-01 2.124595116754943169e-01 2.402031528759299706e-01 1.116927072546646388e-01 1.980490275898711128e-01 2.546661065477279773e-01 1.382072594147525646e-01 2.420799989174520217e-01 1.728290936743345774e-01 2.393829228310198898e-01 3.466235509302678097e-01 2.569452718289677029e-01 2.181111622417143403e-01 1.016412099555123183e-01 1.794139881987965868e-01 1.124317287403725912e-01 1.548835834729286598e-01 1.000000000000000000e+00 1.780799212065988790e-01 2.369085214300672149e-01 1.558301169084929105e-01 2.294106656135392330e-01 2.106743530610517834e-01 2.000717281811732473e-01 2.022550318008212999e-01 8.503852060647328071e-02 1.716974552911134377e-01 1.839563859920792521e-01 2.090557600729958387e-01 2.294989495008084024e-01 1.287696910180448351e-01 2.252002165286385305e-01
1.451305861440571610e-01 1.608580397990772848e-01 7.165569510635630412e-02 1.610199620987521618e-01 1.388370609730400496e-01 1.745983449392678744e-01 5.883028954336587402e-02 1.329027396849637166e-01 1.341884410218535384e-01 6.412385731445312265e-02 2.011321187734632920e-01 1.000077932903889327e-01 1.397746931920785529e-01 9.418990271491367583e-02 9.216554422386191714e-02 1.591239923411047197e-01 1.304683440467663824e-01 1.785302528512577869e-01 1.795913680635158327e-01 1.583284940655449724e-01 1.337232330882902054e-01 9.763848566277695540e-02 1.433053684948547291e-01 5.576634086441059623e-02 2.447655677276640018e-01 5.794793151328607450e-02 9.345851108677902253e-02 1.780799212065988790e-01 1.000000000000000222e+00 1.238264076597236918e-01 1.014681683444665222e-01 8.982157717839013567e-02 1.236191383086783779e-01 8.554538034986335082e-02 1.391988297724621459e-01 5.571180691113154088e-02 3.919056141057620235e-01 1.288187123771034337e-01 1.185633864746472588e-01 1.759427556699111328e-01 8.382545392506314530e-02 1.557544169136955148e-01
2.165228938121437907e-01 2.013807110266601363e-01 9.059957575216942560e-02 1.883147403528571684e-01 1.381997508281564702e-01 1.977829847786006234e-01 1.277175891653290485e-01 2.275587902693111675e-01 1.763081508017657340e-01 1.597543440162434714e-01 2.864609858043448698e-01 1.280539257723731228e-01 2.131642109240912408e-01 1.429289979243685560e-01 2.444075397202465638e-01 1.655669718883485686e-01 1.151414367873460215e-01 1.775880110455824445e-01 2.203049720915847831e-01 2.178248491605845050e-01 1.958069729819192639e-01 2.013781714075945084e-01 1.788204752995943836e-01 8.258484481708276703e-02 1.615394852754467592e-01 6.850733496709658643e-02 1.123688427141043833e-01 2.369085214300672149e-01 1.238264076597236918e-01 1.000000000000000000e+00 1.190305336514814044e-01 1.827312368695445943e-01 2.387142488194458623e-01 1.722213282869460016e-01 1.515185152643389876e-01 8.094453274675238175e-02 1.277536724247392008e-01 1.464974589818986983e-01 3.007131676160156308e-01 1.606864088030303672e-01 9.306650554754350435e-02 2.626238226248728824e-01
1.470651024395234208e-01 1.642604207088785295e-01 6.776111282621517795e-02 1.619052191285884068e-01 1.420302118017195414e-01 1.561648800864144371e-01 5.742920219935034737e-02 2.264605479950620448e-01 2.100391827493328645e-01 5.869567719937462957e-02 1.563252552575318532e-01 9.823856598633139148e-02 1.334781272690611087e-01 5.956544574343466958e-02 1.002527425136004596e-01 2.173300094568376417e-01 1.028427035277756224e-01 5.639481796238794420e-01 1.165641636659203867e-01 1.495553020287660184e-01 9.913679461108577951e-02 1.092433495415326694e-01 1.413152795621283320e-01 4.862004848231041287e-02 1.051616753504810708e-01 6.684630947192524153e-02 1.004917102797282247e-01 1.558301169084929105e-01 1.014681683444665222e-01 1.190305336514814044e-01 1.000000000000000222e+00 1.235906716625002622e-01 1.203006429533641369e-01 9.345865791357574337e-02 1.515773345260850169e-01 4.446130242762429130e-02 1.063042624772511380e-01 1.083920641560954523e-01 9.209155285418067771e-02 1.446946248450242389e-01 7.669384519362509867e-02 1.831062258746797566e-01
3.345270863426016428e-01 2.194078209117580336e-01 1.234262125853768377e-01 1.739785435391652535e-01 1.150280470373182401e-01 1.801973641923433067e-01 1.353883761883617753e-01 2.464250224396054012e-01 1.986488326878078359e-01 2.145992424015867317e-01 2.147513064523823012e-01 1.455751797096685729e-01 1.694526829002211965e-01 7.186611477739916765e-02 2.528709065230539954e-01 1.393744122176888700e-01 8.364589048413956229e-02 1.743635758539379965e-01 2.061466537257208576e-01 1.688182999091044634e-01 1.765627109057852084e-01 2.974470792138931841e-01 1.581557941886103935e-01 1.121671055291624669e-01 1.024934604150078421e-01 5.914634353066555023e-02 1.404312579636562419e-01 2.294106656135392330e-01 8.982157717839013567e-02 1.827312368695445943e-01 1.235906716625002622e-01 1.000000000000000222e+00 1.777778579595238329e-01 2.415351437249996513e-01 1.469034905914143041e-01 1.339106955172498226e-01 9.778921928744069292e-02 1.353734203863601049e-01 1.836782746877224093e-01 1.507588918471345074e-01 2.086474236853825270e-01 1.557584417500551544e-01
1.920543363388049207e-01 2.092206727345386763e-01 1.008860816435554614e-01 1.504174279621087462e-01 1.305464776922346248e-01 1.887607820410819315e-01 6.772551349655071828e-02 2.906756544178281665e-01 2.057510747683128083e-01 1.357129370381376654e-01 2.944057735373994400e-01 1.203727215695062081e-01 1.748168264932939697e-01 4.186677479476199060e-01 2.444713707259563995e-01 2.671749203430721087e-01 1.093462840969579575e-01 1.756843993960232331e-01 1.624251813579648263e-01 1.485309440878340159e-01 1.571657228070996171e-01 2.113616461658849033e-01 1.355191801678430341e-01 1.290534052983164925e-01 1.749684339858821602e-01 1.005577106626630163e-01 1.543114719079614061e-01 2.106743530610517834e-01 1.236191383086783779e-01 2.387142488194458623e-01 1.203006429533641369e-01 1.777778579595238329e-01 1.000000000000000000e+00 1.693789859063208059e-01 1.290593434924027783e-01 9.380871428192442962e-02 1.065647649572313976e-01 1.373457567097340348e-01 1.986727008345906265e-01 1.417948549718344997e-01 2.031703545161131497e-01 1.422897238392986652e-01
2.829457280446207035e-01 2.304561639068658518e-01 1.231838838160415478e-01 1.364725270713744720e-01 1.129363404633967061e-01 1.463498685400891064e-01 1.090619272531010708e-01 1.793382449501210174e-01 1.913284359438923443e-01 4.137942460102714270e-01 2.189952269224975101e-01 1.585036708712015685e-01 2.140455701698122104e-01 9.759028649729986626e-02 4.278320707672703671e-01 1.654320226089261714e-01 8.329030179284943602e-02 1.522464354826825184e-01 2.103080845891629469e-01 2.066984047406233149e-01 1.692886624224257397e-01 4.811645355902725019e-01 3.348419061102866912e-01 9.794887213097558387e-02 1.119590496260390866e-01 5.203102165043292648e-02 1.297494202729804758e-01 2.000717281811732473e-01 8.554538034986335082e-02 1.722213282869460016e-01 9.345865791357574337e-02 2.415351437249996513e-01 1.693789859063208059e-01 1.000000000000000000e+00 1.018611668503524997e-01 8.783413044373931944e-02 8.819069606464854938e-02 1.365338313261363068e-01 2.121875291899349147e-01 1.769811205332833814e-01 1.348438977499363256e-01 1.353318012908261703e-01
1.827062373583176746e-01 1.873731132031440927e-01 9.652008565640902982e-02 2.165977995327749428e-01 2.507241225981007293e-01 2.679188008746490879e-01 7.953210992588491401e-02 2.306723599393569468e-01 2.520068762954538744e-01 9.358013299261690177e-02 2.964988247844870251e-01 1.423017333483164726e-01 1.719107567773924816e-01 8.521023492382082121e-02 1.344064294638286639e-01 1.982941073576509894e-01 1.695337501757700205e-01 2.114467944444884673e-01 1.326864015680098152e-01 2.037145356778230776e-01 2.687594647330672770e-01 1.319098501018590441e-01 1.798505225478586877e-01 6.439015304482577362e-02 1.779003751154976110e-01 1.259629554242301108e-01 1.472364167362038845e-01 2.022550318008212999e-01 1.391988297724621459e-01 1.515185152643389876e-01 1.515773345260850169e-01 1.469034905914143041e-01 1.290593434924027783e-01 1.018611668503524997e-01 1.000000000000000222e+00 5.429634570279727457e-02 1.556084137061968242e-01 1.227112171259673312e-01 1.516281501447825086e-01 1.953778459362631448e-01 1.197312857761582416e-01 2.510122939903343675e-01
4.452148999096519622e-02 1.656994749267078348e-01 3.194193685621100898e-02 1.270062761708234678e-01 7.603965983284884100e-02 6.703762231318731446e-02 6.144689278578789604e-02 1.663534755575673818e-01 1.427357135572070446e-01 1.353628725147424106e-01 8.250720838879448127e-02 9.826584376439179147e-02 1.202152902892855840e-01 6.325172563117532898e-02 1.759281271593838847e-01 7.402137930994347192e-02 7.499857520153052626e-02 1.031200237060019287e-01 1.536813490725285614e-01 7.545993531029862589e-02 1.269493589216685592e-01 1.220072214964449814e-01 6.103765213347293883e-02 9.433574703169045339e-02 6.620963567258771054e-02 6.944316477906525842e-02 1.313307557379239099e-01 8.503852060647328071e-02 5.571180691113154088e-02 8.094453274675238175e-02 4.446130242762429130e-02 1.339106955172498226e-01 9.380871428192442962e-02 8.783413044373931944e-02 5.429634570279727457e-02 1.000000000000000000e+00 6.091207162204559378e-02 1.081859962051233554e-01 1.618412198601580920e-01 5.294616261247395150e-02 4.613873267183580401e-02 9.645677084452879135e-02
1.670091133919643922e-01 1.799553378121816760e-01 7.299183005043455297e-02 1.482692722190631918e-01 1.591149833128435997e-01 1.782504286486738532e-01 7.168254654751768373e-02 1.377322251935019504e-01 1.455397983108893956e-01 1.081850113635388771e-01 1.862535483799901415e-01 1.549161495010824008e-01 1.375411393208716970e-01 5.996609725402026608e-02 1.522688446297038312e-01 1.672622697686946269e-01 1.549744235727135988e-01 1.939329384217539365e-01 1.891055346871835241e-01 1.845086197960804919e-01 1.548870834921678707e-01 1.041052903690222187e-01 1.416731989716910611e-01 6.030011110505464900e-02 2.469415293950387447e-01 8.557108710544812646e-02 1.025654055788004365e-01 1.716974552911134377e-01 3.919056141057620235e-01 1.277536724247392008e-01 1.063042624772511380e-01 9.778921928744069292e-02 1.065647649572313976e-01 8.819069606464854938e-02 1.556084137061968242e-01 6.091207162204559378e-02 1.000000000000000000e+00 1.248233498428821669e-01 1.163226033624008837e-01 1.540663138330635451e-01 9.981828637059103615e-02 1.740021146549663722e-01
1.687441668317017640e-01 2.174738970986858366e-01 6.542836961376249927e-02 1.844591668982390464e-01 1.473358036694291384e-01 1.520014448543167140e-01 7.452675388049942451e-02 1.508878383274918633e-01 1.778951498036075995e-01 1.181765080248572408e-01 1.729716229505519343e-01 1.287777025568196121e-01 2.429650560639788626e-01 8.425078109409736560e-02 1.475889424002724548e-01 1.708848968171368665e-01 1.559139667117097061e-01 1.767547911580079345e-01 1.460627472471576760e-01 1.765751351879382980e-01 1.588317406457928349e-01 1.506063551070830620e-01 1.546279953137063290e-01 1.192695991626755297e-01 9.912919521389171318e-02 7.455441315985639195e-02 1.452271879042713598e-01 1.839563859920792521e-01 1.288187123771034337e-01 1.464974589818986983e-01 1.083920641560954523e-01 1.353734203863601049e-01 1.373457567097340348e-01 1.365338313261363068e-01 1.227112171259673312e-01 1.081859962051233554e-01 1.248233498428821669e-01 1.000000000000000000e+00 1.563818285278929798e-01 1.461359347992985391e-01 8.200676983971071088e-02 2.360341780430203762e-01
