1.000000000000000222e+00 2.191929760143737915e-01 2.601507657007105512e-01 1.780506958429765307e-01 2.443566588489170521e-01 2.298526259214365708e-01 2.049636826447036597e-01 1.984690397550080421e-01 2.816790246094746375e-01 1.911459974810346685e-01 3.569190337510715905e-01 2.114799252482481295e-01 4.569042297960055343e-01 1.249043329216411452e-01 2.393445599229142295e-01 1.208463191409656634e-01 2.295332599480206515e-01 1.534318442270035110e-01 2.226009374389696649e-01 1.331530494198363279e-01 4.164960673704294902e-01 3.091734584257239682e-01 2.438701301560316226e-01 4.453656055593190888e-01 2.438621146908985238e-01 3.830614256843987153e-01 2.782443628573504357e-01 3.082297030693899598e-01 2.832498472912440279e-01 1.536278028936616802e-01 2.127275289744109121e-01 2.264398163461190383e-01 3.405096060376737177e-01 2.650725149965101890e-01 2.338379159797741025e-01 3.622082518470411405e-01 2.441426668618490725e-01 2.704972253812659710e-01 2.811669242269059232e-01 2.383619644493284451e-01 2.884093592912504445e-01 2.704767010641754843e-01 1.664089318710667009e-01 2.581756893671421360e-01 2.265402598197029382e-01 2.779928451487704288e-01 1.311761606973768923e-01 2.217565047726355876e-01 4.209587313715147383e-01 1.828106140022135451e-01 2.301804847441383250e-01 1.953686064395538102e-01 2.128132728134242702e-01 2.380918468480685835e-01 2.122611332099736958e-01 3.198371585458955058e-01 3.057576794521370545e-01 2.091645543373278904e-01 2.146800054062353302e-01 5.028806135474961359e-01
2.191929760143737915e-01 1.000000000000000222e+00 2.146890330727704577e-01 1.320406010945776032e-01 2.350277616943047543e-01 1.426946998053298110e-01 1.967926313783222303e-01 1.935190010851451925e-01 2.646514847477373089e-01 2.718717454617072815e-01 2.537861167450222721e-01 1.522571106471069247e-01 1.963546762529899403e-01 1.919741515646907759e-01 2.419079379545352737e-01 2.369320047387191430e-01 2.509275120280791693e-01 9.699311694291813668e-02 1.509002367031237746e-01 2.126002198650849273e-01 1.726592299514788931e-01 2.097608982977855752e-01 1.782217391154658770e-01 2.715514398935169327e-01 2.671833646668154705e-01 2.054989959003195588e-01 1.779652246312359298e-01 2.327539564011966711e-01 2.346025298730094188e-01 1.432129862125519071e-01 2.147541785398994485e-01 1.943203683803844672e-01 1.050148374368959636e-01 2.922775151826926265e-01 8.189704179893966818e-02 1.757582124444291016e-01 1.724616386002265356e-01 2.568877744348115333e-01 1.727487788920843703e-01 2.743731111007947643e-01 1.470811194890918883e-01 2.411934987602182001e-01 1.550720610872318717e-01 1.153127525649614016e-01 2.490876939348861674e-01 1.867815682232008834e-01 1.545182253243362058e-01 1.357653058403067159e-01 2.434568151411234393e-01 2.409954139207566848e-01 1.279386787334856890e-01 1.596483943085883483e-01 1.660674568139497986e-01 3.393002691803491122e-01 2.027892054145755962e-01 2.324342996191231803e-01 2.164911795721220222e-01 2.057415977339282220e-01 1.786492093279265503e-01 1.407109522655583811e-01
2.601507657007105512e-01 2.146890330727704577e-01 1.000000000000000222e+00 2.640852936893586245e-01 1.860355782665574498e-01 1.286014757180435342e-01 4.184995651546349893e-01 2.358408629256087408e-01 2.560659209584941198e-01 2.011247302388403102e-01 2.804129344685106218e-01 2.846390233210162601e-01 3.294505187111394506e-01 1.571160051423002857e-01 3.043772350081930256e-01 1.397643042107938327e-01 2.275698822720532422e-01 2.104920597448815545e-01 2.084895722734113332e-01 1.838170254816884064e-01 3.951252544170713032e-01 2.593103006300564450e-01 4.816519668398027143e-01 3.693097821676692982e-01 1.372823114142340817e-01 3.221945639904897907e-01 1.932636440950141199e-01 2.427105171302206543e-01 3.100487344695853631e-01 3.429536889105255226e-01 2.787576897486659377e-01 5.843523573651714376e-01 1.164464232210667277e-01 3.455713660369734708e-01 8.105886417702955205e-02 2.725066217537551183e-01 1.609925940437052783e-01 2.665403933527243918e-01 2.018017592846471364e-01 5.538446516296127164e-01 3.467944433599806642e-01 2.489866405120353954e-01 1.718276575589258170e-01 1.780181599419898286e-01 5.193559056494436721e-01 2.062515927320376363e-01 1.537522239839148597e-01 1.862074542747651495e-01 1.825850169891576891e-01 4.285067870406365498e-01 2.105280319179091697e-01 2.366172617648355792e-01 2.067423297627449807e-01 4.998878162095617417e-01 1.760037113485398985e-01 2.239181839176687949e-01 3.221960884104554390e-01 2.290198685467119688e-01 1.781754866854236286e-01 2.889184275142163139e-01
1.780506958429765307e-01 1.320406010945776032e-01 2.640852936893586245e-01 1.000000000000000000e+00 1.550957882487440931e-01 1.337500601506650955e-01 1.152443716910972055e-01 2.010859869670142963e-01 1.731355294935996159e-01 1.220669630203006367e-01 2.885214619257303603e-01 1.247037824390794941e-01 2.351012722166310187e-01 1.266144865471777736e-01 5.792434141503586265e-01 7.416776493593127406e-02 1.370661628200547100e-01 2.418049434192638125e-01 1.552909454149193069e-01 1.095199743751832933e-01 2.970249982260615984e-01 2.873261724907903436e-01 2.148182873623412370e-01 2.735083238060667110e-01 1.356154484436258856e-01 2.688587777066729911e-01 1.275899994017025141e-01 1.661900141220622185e-01 1.756655461483077885e-01 9.599590283638631538e-02 2.541193984952309637e-01 2.204076532892793316e-01 1.775832662727282463e-01 1.309373176433958064e-01 4.898917324381153737e-02 2.589880135626777546e-01 1.220889290231604724e-01 1.593123127648702342e-01 2.209270055349156492e-01 3.070651329149719500e-01 3.497463594868726600e-01 2.011864978376198265e-01 1.144532200010629219e-01 1.065870828618153410e-01 2.474534245140543598e-01 1.164546133745970463e-01 8.746881099212593103e-02 2.101483429793048752e-01 1.264591044095856598e-01 2.827386385700916827e-01 2.358320273450417448e-01 2.027409786534436209e-01 2.061047823922264599e-01 2.408029668324648542e-01 1.076770692481042041e-01 1.650279917565510013e-01 2.562198776954521251e-01 1.555945334697293736e-01 2.031495778788226236e-01 2.213482402454325926e-01
2.443566588489170521e-01 2.350277616943047543e-01 1.860355782665574498e-01 1.550957882487440931e-01 1.000000000000000222e+00 1.608124511592795569e-01 1.492831730325326345e-01 2.143922089977564893e-01 2.689661956024419487e-01 1.520284862853285013e-01 2.571338360348975893e-01 1.660071966779889663e-01 2.106978982914976539e-01 1.204831463490525778e-01 2.587117851983948835e-01 1.434940141857596330e-01 1.887331827994989941e-01 1.425118301039131341e-01 1.861840476850946668e-01 1.157011599523874446e-01 2.056000124772975890e-01 2.214677279672072063e-01 1.735064431758719106e-01 2.671815000796827766e-01 2.469631429259139810e-01 2.342905676691015571e-01 1.825204482813257700e-01 2.438483862822292958e-01 1.794428773397887811e-01 1.045786497794531505e-01 1.838586928096135331e-01 1.484949896036216466e-01 1.266665192667272843e-01 2.121009564634550593e-01 7.905313751424450364e-02 1.957196488974844439e-01 1.845217607616873035e-01 2.223640056227773609e-01 2.240824313463551098e-01 2.557654327874623323e-01 1.484985552227432171e-01 2.492654922141595009e-01 1.242666037604681917e-01 1.179767730818294807e-01 1.755536803401721024e-01 1.645652737020062706e-01 1.353559688857935706e-01 1.760231690659996573e-01 2.118115552397649981e-01 2.005583116760013274e-01 1.571307019182344722e-01 1.905076696629046940e-01 1.968479415838662872e-01 2.384902229471837221e-01 1.750204516288633994e-01 2.184616105962550459e-01 2.264574461789844173e-01 1.857803689762849153e-01 1.730343502787107801e-01 1.890769526949261925e-01
2.298526259214365708e-01 1.426946998053298110e-01 1.286014757180435342e-01 1.337500601506650955e-01 1.608124511592795569e-01 1.000000000000000222e+00 1.105215476672906372e-01 1.483800750467418605e-01 2.017592797154499906e-01 1.121993970752617614e-01 2.170793314784071892e-01 1.359189955254020143e-01 1.857277743774966572e-01 1.489393679032394446e-01 1.639886799367014369e-01 9.935988550867916325e-02 1.363950444251585681e-01 1.132386868833346882e-01 1.290734747122781467e-01 1.076931151664748121e-01 2.078101377583456699e-01 1.897460995340731482e-01 1.285935435667606708e-01 2.068658033062782953e-01 1.525449788353848424e-01 2.162911049815488540e-01 1.817361807829070142e-01 1.874888957558148439e-01 1.888074083492750077e-01 8.427663074993194114e-02 1.984575023422637530e-01 1.233693069139852744e-01 1.223786832057734142e-01 1.541126677834499248e-01 5.738262038188200048e-02 2.125746159467820917e-01 1.649079083654430566e-01 1.760758211221350178e-01 1.776420564606791541e-01 1.907813763433157950e-01 2.128046960022066114e-01 1.849424718335571094e-01 1.086693906354705280e-01 1.847877491748357304e-01 1.543306843720949340e-01 1.583722098659915978e-01 9.924327193252556467e-02 1.720320430656890609e-01 1.649581733017531915e-01 1.228814674514741995e-01 1.585344854942643822e-01 1.492404563406357909e-01 1.620017255985736759e-01 1.875213140959601510e-01 1.802778172691041625e-01 1.658981191569590674e-01 2.014145234776118232e-01 1.476288624626200807e-01 2.005675910142253882e-01 1.856933092194420210e-01
2.049636826447036597e-01 1.967926313783222303e-01 4.184995651546349893e-01 1.152443716910972055e-01 1.492831730325326345e-01 1.105215476672906372e-01 1.000000000000000000e+00 1.656700344722888130e-01 2.075964736507273645e-01 1.434395023864369068e-01 1.850440127444505645e-01 2.324017455296297496e-01 1.889289410575173411e-01 1.209551108518815143e-01 2.048948159137978509e-01 1.199294851069613865e-01 1.781877487512613933e-01 1.322562272566978336e-01 1.482809702474169600e-01 2.337578994834389190e-01 2.321877119741237172e-01 2.034153430655722405e-01 3.504361446569339011e-01 2.724935734434934531e-01 1.283135010961048705e-01 2.255489248673370473e-01 1.421263054011210336e-01 1.704240225065365988e-01 2.326887446124770165e-01 2.209001955636190617e-01 1.978178232609097698e-01 3.814431253699606117e-01 7.162372964457155988e-02 2.298176367728652914e-01 8.456350472167264987e-02 3.637229111325206987e-01 1.470482872137692520e-01 2.239799037064642284e-01 1.503583133356349855e-01 3.044049252101400094e-01 1.940899882437772950e-01 1.805937750107091677e-01 1.523926559911844003e-01 9.689973966870935040e-02 3.271186210832154329e-01 3.825903544841230963e-01 1.442069692007165449e-01 1.238746046740697160e-01 3.283200059126107906e-01 2.864466784417548095e-01 1.474794457634173717e-01 1.802563760527589043e-01 1.309857479015256732e-01 4.136797258599397842e-01 1.243120069526559984e-01 1.866022787188542365e-01 2.305133929737607779e-01 2.379949792720487123e-01 2.245457517805976022e-01 1.495833197969294592e-01
1.984690397550080421e-01 1.935190010851451925e-01 2.358408629256087408e-01 2.010859869670142963e-01 2.143922089977564893e-01 1.483800750467418605e-01 1.656700344722888130e-01 1.000000000000000000e+00 2.383634971730183016e-01 1.792209967590011055e-01 2.658666828268170801e-01 1.969705318950174810e-01 2.155801556008461739e-01 1.704658919822678309e-01 2.838084987078723920e-01 1.761998231128604209e-01 2.879694748342867539e-01 2.375145425569888391e-01 2.024010848993755829e-01 1.632188810367667942e-01 2.065635462536366818e-01 2.277809545467704699e-01 1.863311141905177881e-01 3.797477030899642503e-01 2.190017089557468599e-01 1.858164690986375822e-01 2.431751869831177137e-01 2.011473387288174597e-01 1.545093346515548638e-01 1.126276413977157914e-01 3.453116829405895039e-01 1.708547288231401229e-01 1.267198806561967706e-01 2.370859149849882386e-01 7.301268008855175962e-02 2.098889651103499898e-01 2.186005753060621948e-01 2.620737550116324366e-01 2.427121857418053363e-01 3.059476610003911135e-01 1.920104403235566304e-01 3.312924593759117298e-01 1.237517056648877595e-01 1.295010786783824253e-01 2.118049218478838813e-01 1.634848816034703833e-01 1.914751801630306949e-01 1.705620372137873209e-01 2.138349965269322472e-01 2.055629340416009754e-01 2.393426254318257729e-01 2.453752236367243711e-01 2.255960050676218409e-01 3.526337193134812531e-01 2.002163369330963172e-01 2.537882166390922900e-01 2.605935358040855077e-01 2.006433735983305933e-01 2.114572178754552945e-01 1.741681917671215885e-01
2.816790246094746375e-01 2.646514847477373089e-01 2.560659209584941198e-01 1.731355294935996159e-01 2.689661956024419487e-01 2.017592797154499906e-01 2.075964736507273645e-01 2.383634971730183016e-01 1.000000000000000000e+00 2.074624772818817464e-01 2.953295989554935996e-01 2.337155040502015835e-01 3.133897719956632022e-01 1.879396483024356468e-01 2.808862718301221029e-01 1.561890193807524418e-01 2.521722695387526580e-01 1.619022652243357618e-01 1.829968486603940070e-01 1.398223510386372159e-01 2.818089642395234518e-01 2.857822210574560984e-01 2.282833731515055142e-01 3.423449962126763890e-01 3.100906716655922324e-01 3.240864505771469117e-01 2.285755386890444552e-01 3.175055245974648943e-01 3.084936594741140570e-01 1.647866198430172069e-01 2.622962567437894799e-01 2.216157757212772472e-01 1.514738438515585983e-01 3.080125635307067178e-01 8.215278890276851709e-02 2.600254626882405051e-01 3.002132079790067465e-01 2.973577510243707311e-01 2.495639681005106525e-01 2.939619253019361000e-01 2.453895160265820719e-01 2.956480173109523601e-01 1.866918637881816445e-01 2.121572079036685987e-01 2.434270628775755396e-01 2.166185850644707644e-01 1.796483206673043231e-01 2.294914626456398543e-01 2.491528895269595756e-01 2.459113306281260347e-01 2.494265073182752590e-01 2.401886260515012916e-01 2.702894676830449039e-01 3.398727375123221650e-01 2.144437422706281515e-01 2.887308746281979088e-01 3.602238927848595007e-01 2.663766324119407058e-01 2.024445149201181127e-01 2.361708135317273083e-01
1.911459974810346685e-01 2.718717454617072815e-01 2.011247302388403102e-01 1.220669630203006367e-01 1.520284862853285013e-01 1.121993970752617614e-01 1.434395023864369068e-01 1.792209967590011055e-01 2.074624772818817464e-01 1.000000000000000222e+00 2.467832331542361701e-01 1.669871226212797100e-01 2.300322973505360136e-01 1.490907610107694292e-01 2.047066711988646814e-01 1.361623391570730424e-01 2.287421310083140591e-01 1.286150386405207902e-01 1.441455094240565171e-01 1.231613682305096741e-01 2.793152396452917574e-01 2.207092806306604205e-01 1.830724104311027556e-01 2.870960210984524474e-01 1.890170579502279680e-01 2.143450638226744309e-01 1.462358353415062207e-01 2.105036856760761355e-01 2.280916628098713372e-01 1.403018558244195357e-01 1.557818298094558185e-01 1.939011163901013246e-01 1.370568407835943137e-01 2.405472679375332545e-01 6.476160350062114268e-02 1.905868394807420096e-01 1.569027534929075540e-01 3.850432564569644667e-01 1.763576022208360738e-01 2.555262136809469120e-01 2.099984962514685471e-01 1.942004082658463082e-01 1.413597325558607898e-01 1.028234748668614695e-01 2.189386839772257121e-01 1.564925335171783727e-01 2.330828256874245274e-01 1.714946239540840189e-01 1.716483594214358033e-01 2.484450693610016914e-01 1.839648285239910974e-01 1.535523698396353276e-01 1.458033761235959236e-01 2.760840136594196470e-01 2.010655615646799732e-01 2.070052899224621157e-01 2.165340114736196697e-01 1.469084557378654843e-01 1.542318783718566733e-01 1.441471678536222767e-01
3.569190337510715905e-01 2.537861167450222721e-01 2.804129344685106218e-01 2.885214619257303603e-01 2.571338360348975893e-01 2.170793314784071892e-01 1.850440127444505645e-01 2.658666828268170801e-01 2.953295989554935996e-01 2.467832331542361701e-01 1.000000000000000222e+00 1.841528000298030820e-01 3.062094386760786935e-01 1.665494778773281837e-01 3.948232130593172795e-01 1.788419065522582618e-01 2.215273516889711969e-01 2.782303666288852839e-01 2.502329644326003466e-01 2.095882115473171603e-01 4.657336114372240266e-01 2.511863720141715994e-01 3.161698283165344514e-01 4.501478984352383361e-01 2.590823587695900709e-01 4.249349754199303053e-01 2.383517215861634675e-01 4.014134134546886723e-01 2.895462623705710725e-01 1.387992492648338072e-01 2.874096830443229611e-01 2.666392618809778070e-01 1.904051104025208385e-01 2.660781539928350203e-01 9.443359895897768252e-02 3.407316189441537690e-01 2.655722293103505161e-01 2.313017589753167402e-01 2.991599646186036687e-01 4.587526409118280468e-01 4.793598030919149489e-01 2.665250768799566905e-01 1.251218559566984467e-01 1.649794170418367734e-01 3.997889659876067148e-01 2.335220378584609013e-01 1.650924902814749629e-01 2.931642709259204005e-01 2.647088735369123591e-01 2.666306083166144481e-01 2.854072903183163534e-01 2.277018324918701209e-01 3.224595080963710281e-01 3.131318695546003172e-01 2.317684458527347058e-01 2.907085460228304719e-01 3.545789382873132944e-01 1.911638232776620705e-01 2.752594807936343257e-01 3.687124547142914821e-01
2.114799252482481295e-01 1.522571106471069247e-01 2.846390233210162601e-01 1.247037824390794941e-01 1.660071966779889663e-01 1.359189955254020143e-01 2.324017455296297496e-01 1.969705318950174810e-01 2.337155040502015835e-01 1.669871226212797100e-01 1.841528000298030820e-01 1.000000000000000222e+00 2.075788016315868179e-01 1.039283554397817111e-01 2.080111743953617642e-01 8.758616717692264964e-02 2.187770721865361367e-01 1.234672139900434978e-01 1.718743309655710039e-01 1.040466772650789351e-01 2.313513837339348511e-01 2.918876540229717875e-01 3.192210725088469037e-01 2.807143170500136509e-01 1.932151259695492063e-01 2.497686033655936444e-01 1.891530248156173266e-01 1.990566392338583845e-01 1.654728258732859059e-01 3.067185322496976396e-01 2.127758335605025308e-01 3.793050164157206194e-01 1.265856824387965318e-01 2.763445052766431709e-01 5.775742854112707325e-02 2.172460396405904992e-01 2.176283823756010594e-01 2.453477630214894178e-01 1.938266220603442613e-01 2.771923748717304847e-01 1.499974273289502724e-01 2.379625533814643534e-01 1.463895601409765379e-01 1.327798907109947468e-01 2.671129035934199369e-01 1.373097657799492721e-01 1.575961905179127376e-01 1.400946553577376019e-01 1.546247909355850936e-01 2.690508099201601722e-01 2.029245528115397601e-01 2.068894847049795038e-01 2.017215532901519837e-01 3.676403736280509094e-01 1.512619156538830556e-01 2.090945118033323835e-01 2.485425610727332590e-01 4.847177921587002003e-01 1.411456337192156796e-01 1.659857658354531862e-01
4.569042297960055343e-01 1.963546762529899403e-01 3.294505187111394506e-01 2.351012722166310187e-01 2.106978982914976539e-01 1.857277743774966572e-01 1.889289410575173411e-01 2.155801556008461739e-01 3.133897719956632022e-01 2.300322973505360136e-01 3.062094386760786935e-01 2.075788016315868179e-01 1.000000000000000000e+00 1.501907899693124826e-01 2.587740751085735869e-01 1.404046661766309712e-01 2.359243890118684905e-01 1.947079729084326416e-01 1.938731726264791844e-01 1.297919153067102205e-01 3.289099509394252663e-01 3.638008480569300263e-01 2.319545078957797879e-01 3.885699017069352279e-01 2.263172023262765287e-01 4.171534238130306105e-01 1.930342764138067713e-01 2.727224696991207842e-01 3.723066621594819381e-01 1.632160724352258174e-01 2.540796377771770698e-01 2.477714210380671522e-01 1.548469864728778955e-01 2.682626364320542800e-01 9.231977803702642871e-02 3.730485324299950278e-01 2.357195526281477271e-01 2.145024423702161787e-01 2.219849598936862178e-01 2.572443808944300803e-01 3.084602157756635710e-01 2.298102096667012373e-01 1.996191365266611617e-01 1.616848165240707957e-01 2.311092964113115600e-01 2.227879169684890692e-01 1.240030723921946160e-01 2.764026088686244997e-01 2.240925652948389801e-01 2.058290363507535858e-01 2.866924871725156643e-01 2.427653256491280886e-01 2.292180314729654889e-01 2.692712146556208719e-01 1.966593849096615609e-01 2.844988945663856073e-01 3.300972678598366183e-01 1.539381387027567993e-01 2.057019909951088299e-01 3.386668276895614116e-01
1.249043329216411452e-01 1.919741515646907759e-01 1.571160051423002857e-01 1.266144865471777736e-01 1.204831463490525778e-01 1.489393679032394446e-01 1.209551108518815143e-01 1.704658919822678309e-01 1.879396483024356468e-01 1.490907610107694292e-01 1.665494778773281837e-01 1.039283554397817111e-01 1.501907899693124826e-01 1.000000000000000000e+00 1.530156880703155142e-01 1.893295939775336001e-01 1.926249108600585624e-01 8.324893637698387028e-02 9.928279959444709368e-02 1.492369371368643116e-01 1.505936693954968708e-01 1.370442493270512541e-01 1.184172735870666626e-01 2.008476372301144786e-01 1.274494562393462538e-01 1.551811074674713242e-01 1.531667663401388990e-01 1.317723067561150097e-01 2.516882510840398601e-01 9.649981542105204313e-02 1.555877504868863337e-01 1.460504442806692948e-01 7.892535098322986387e-02 1.800654064117703512e-01 4.563343696975823149e-02 1.195458519639406580e-01 1.043584760122087396e-01 1.671340878465226998e-01 1.083556382283339670e-01 1.979549924835658503e-01 1.613489707003486762e-01 1.742155600113696190e-01 1.029708382130958277e-01 1.048714146137737779e-01 1.508874290313319266e-01 1.669887970827705903e-01 1.188498297263122228e-01 7.754211614778999673e-02 1.704407829250869644e-01 1.761636961355658448e-01 1.208484073228509315e-01 1.120497349558955552e-01 8.925938584553196053e-02 2.416098739234154302e-01 1.647916062469446108e-01 1.438171510242768625e-01 1.652723082597725990e-01 1.261297334028741168e-01 1.570161073187083534e-01 1.050290992728317163e-01
2.393445599229142295e-01 2.419079379545352737e-01 3.043772350081930256e-01 5.792434141503586265e-01 2.587117851983948835e-01 1.639886799367014369e-01 2.048948159137978509e-01 2.838084987078723920e-01 2.808862718301221029e-01 2.047066711988646814e-01 3.948232130593172795e-01 2.080111743953617642e-01 2.587740751085735869e-01 1.530156880703155142e-01 1.000000000000000000e+00 1.438237032943453231e-01 2.521929106099577433e-01 2.621006731532820044e-01 2.391714823145794366e-01 1.829219515484171721e-01 3.172570984101956704e-01 4.478267644845301265e-01 2.744576803867165293e-01 4.069507216756544365e-01 2.703543901050598497e-01 3.357897967660803396e-01 2.120419844876473836e-01 2.476652951538027836e-01 1.801971374576614993e-01 1.264477997441245671e-01 2.623025105766667586e-01 3.217659679631520997e-01 1.242892915188263392e-01 2.424078306411687755e-01 8.665177385273691024e-02 2.612820894189906706e-01 2.032912064951765407e-01 2.705321125253229431e-01 3.613530564919029131e-01 4.512857511668216803e-01 3.051742782292373168e-01 3.706694829184976614e-01 1.687997207504591535e-01 1.263977606434994738e-01 3.205247599444350781e-01 1.689424579058388387e-01 1.700305832053468913e-01 2.603170389457962197e-01 2.147699714276008198e-01 3.533722706415734494e-01 2.370778884795760877e-01 3.086513503161247840e-01 3.204414479082575151e-01 3.874755009472818923e-01 1.851569905751096201e-01 2.743619986317661907e-01 3.062296142768353158e-01 2.316888543788881705e-01 2.451712145011627764e-01 2.615387828274250426e-01
1.208463191409656634e-01 2.369320047387191430e-01 1.397643042107938327e-01 7.416776493593127406e-02 1.434940141857596330e-01 9.935988550867916325e-02 1.199294851069613865e-01 1.761998231128604209e-01 1.561890193807524418e-01 1.361623391570730424e-01 1.788419065522582618e-01 8.758616717692264964e-02 1.404046661766309712e-01 1.893295939775336001e-01 1.438237032943453231e-01 1.000000000000000000e+00 1.938094012049343673e-01 7.375771621542492884e-02 9.910757604972043888e-02 1.636146864103080467e-01 1.505562881043030765e-01 1.210677066103127003e-01 1.250102146301388661e-01 1.669841337171088236e-01 1.007375018896834590e-01 9.358996881447621818e-02 1.117430814269686629e-01 1.496987140325833077e-01 2.199189376436664345e-01 8.793679729691851465e-02 1.326931264401479404e-01 1.272589806667904222e-01 8.521375751052695513e-02 1.745147826396559465e-01 5.406760530745267912e-02 1.088560184777120354e-01 8.499634140329473397e-02 1.372179005194417434e-01 9.462816010853615512e-02 1.951881617433892380e-01 1.266392929991983773e-01 1.443848075462978997e-01 8.440454175205994169e-02 5.659471911246113929e-02 1.595158360310591217e-01 2.019421327449468784e-01 1.085255329639740196e-01 7.248419873055228502e-02 1.884744449345744366e-01 1.599824782947860680e-01 7.847202496337600530e-02 1.037840987311512142e-01 7.890220432936370654e-02 2.466442856646275938e-01 1.423135671972952654e-01 1.523912233994146603e-01 1.533996534912874243e-01 1.033779197275853934e-01 1.015359263085202912e-01 8.278448228935109121e-02
2.295332599480206515e-01 2.509275120280791693e-01 2.275698822720532422e-01 1.370661628200547100e-01 1.887331827994989941e-01 1.363950444251585681e-01 1.781877487512613933e-01 2.879694748342867539e-01 2.521722695387526580e-01 2.287421310083140591e-01 2.215273516889711969e-01 2.187770721865361367e-01 2.359243890118684905e-01 1.926249108600585624e-01 2.521929106099577433e-01 1.938094012049343673e-01 1.000000000000000222e+00 1.300106738119696514e-01 2.119438741641785084e-01 1.811807288532985560e-01 2.168161427557048493e-01 2.666301752346861842e-01 2.135004777258779352e-01 4.068217024110775126e-01 2.072342122583536173e-01 1.970456969798295432e-01 2.162443427354185932e-01 2.147109859352079597e-01 1.844860639282351611e-01 1.213202774099843562e-01 2.254731707116944817e-01 1.996004600022051045e-01 1.221866807898167873e-01 3.248536548140757430e-01 6.819532347925234828e-02 1.858787656555121737e-01 1.881525451645475744e-01 2.219280534285070217e-01 2.087500161424666878e-01 3.006480746042748953e-01 1.552087285689391360e-01 2.932622060520741480e-01 1.719585493719446856e-01 1.071356455568286681e-01 2.299950048036230321e-01 1.592851791254736027e-01 1.886346311139149023e-01 1.234294976346517747e-01 2.094676886830864060e-01 2.172551466005220866e-01 1.714453596026931648e-01 1.836800611295699992e-01 1.641794017789055260e-01 3.646991617784376971e-01 1.729855980119909542e-01 2.636591649601296994e-01 2.396134194897604763e-01 2.136273847809444792e-01 1.570731998840032839e-01 1.748406443990338788e-01
1.534318442270035110e-01 9.699311694291813668e-02 2.104920597448815545e-01 2.418049434192638125e-01 1.425118301039131341e-01 1.132386868833346882e-01 1.322562272566978336e-01 2.375145425569888391e-01 1.619022652243357618e-01 1.286150386405207902e-01 2.782303666288852839e-01 1.234672139900434978e-01 1.947079729084326416e-01 8.324893637698387028e-02 2.621006731532820044e-01 7.375771621542492884e-02 1.300106738119696514e-01 1.000000000000000222e+00 1.539511471492952255e-01 1.411545272438060328e-01 3.486001054249177611e-01 1.598535906841818677e-01 1.582624036036923143e-01 2.421953085306040032e-01 1.367844495161031348e-01 2.451468498345258928e-01 1.560212596550660247e-01 1.390930269535004815e-01 1.711556692296010151e-01 1.299297038984222885e-01 2.805813373969278657e-01 1.943951557594147950e-01 9.365569116001021266e-02 1.597919464275746326e-01 4.285150312566564368e-02 2.066299667044078914e-01 1.576069240592073151e-01 1.664068528939908476e-01 1.888559086793901443e-01 2.534521068345977901e-01 2.876435830795507353e-01 1.536305504240933484e-01 1.190130167861059712e-01 1.113934196626028827e-01 2.091314156146032444e-01 1.116697041964295339e-01 7.859534135185344828e-02 1.819429672414313026e-01 1.190054545810462217e-01 1.727225956788112637e-01 1.904934511462785529e-01 1.900297713403807931e-01 2.019319817884972779e-01 1.783077685422820025e-01 1.202198476915696118e-01 1.815637614882255613e-01 2.475543330187035818e-01 1.365070743713360513e-01 1.884316350071764679e-01 1.899120488578947274e-01
2.226009374389696649e-01 1.509002367031237746e-01 2.084895722734113332e-01 1.552909454149193069e-01 1.861840476850946668e-01 1.290734747122781467e-01 1.482809702474169600e-01 2.024010848993755829e-01 1.829968486603940070e-01 1.441455094240565171e-01 2.502329644326003466e-01 1.718743309655710039e-01 1.938731726264791844e-01 9.928279959444709368e-02 2.391714823145794366e-01 9.910757604972043888e-02 2.119438741641785084e-01 1.539511471492952255e-01 1.000000000000000000e+00 1.437846744692382883e-01 1.919258535985673420e-01 2.375742782605591019e-01 1.608895147251452051e-01 2.775321024029731576e-01 1.734208969945647549e-01 2.237211318511963531e-01 1.711526499348615671e-01 2.869493319215970506e-01 1.299189679341802295e-01 1.006165438681258378e-01 2.289763029105663650e-01 1.734909507049304245e-01 1.102756437666107397e-01 2.029900973276311527e-01 5.878503987995454400e-02 1.954692061695263716e-01 1.690885356681537666e-01 1.790825717795272165e-01 1.829689180333525511e-01 2.426610032168795283e-01 1.885686072946795855e-01 2.288024685100210343e-01 2.725292042867290543e-01 1.027047317432037560e-01 1.727187009703991249e-01 1.206249153639790545e-01 1.337933285492657887e-01 1.588940305702499778e-01 1.951314289028529825e-01 1.875607650955553873e-01 1.573380890333185289e-01 1.357690077853098143e-01 1.903576447337599620e-01 2.474643353115635880e-01 1.728738415053272526e-01 2.055268530700098406e-01 2.339593126375212884e-01 1.693122380003161953e-01 1.418731569701928985e-01 1.744550218198503144e-01
1.331530494198363279e-01 2.126002198650849273e-01 1.838170254816884064e-01 1.095199743751832933e-01 1.157011599523874446e-01 1.076931151664748121e-01 2.337578994834389190e-01 1.632188810367667942e-01 1.398223510386372159e-01 1.231613682305096741e-01 2.095882115473171603e-01 1.040466772650789351e-01 1.297919153067102205e-01 1.492369371368643116e-01 1.829219515484171721e-01 1.636146864103080467e-01 1.811807288532985560e-01 1.411545272438060328e-01 1.437846744692382883e-01 1.000000000000000222e+00 1.322201710763136473e-01 1.560985422547044033e-01 1.390741994334216136e-01 2.182323570392839529e-01 7.610261023658299040e-02 1.162911544814894949e-01 9.288616342050785846e-02 1.262108143929694115e-01 1.413345247758372447e-01 9.032098290174798982e-02 1.813089054427868829e-01 1.694955128401169908e-01 4.182629697449861961e-02 1.800359097330705149e-01 4.916771027978603797e-02 1.014411650400579151e-01 7.537572502788407458e-02 1.252065567616237052e-01 1.003835254085245487e-01 2.253836980500702469e-01 1.637653342378110055e-01 1.284814035546481548e-01 1.048363660861042629e-01 5.461268844554075658e-02 1.880361112067892304e-01 1.218282313852412924e-01 1.145642605365363997e-01 1.325239207625552307e-01 1.689408206480552677e-01 1.755930300729098836e-01 8.046887521877350846e-02 1.037019763005241763e-01 9.386005403746189302e-02 2.799944455549586153e-01 1.090976292217835236e-01 1.529228093518389398e-01 2.141924204146240795e-01 1.219261340222269202e-01 1.205096973900445373e-01 7.313733038155509347e-02
4.164960673704294902e-01 1.726592299514788931e-01 3.951252544170713032e-01 2.970249982260615984e-01 2.056000124772975890e-01 2.078101377583456699e-01 2.321877119741237172e-01 2.065635462536366818e-01 2.818089642395234518e-01 2.793152396452917574e-01 4.657336114372240266e-01 2.313513837339348511e-01 3.289099509394252663e-01 1.505936693954968708e-01 3.172570984101956704e-01 1.505562881043030765e-01 2.168161427557048493e-01 3.486001054249177611e-01 1.919258535985673420e-01 1.322201710763136473e-01 1.000000000000000000e+00 2.882863450860126409e-01 3.595436166793653521e-01 4.120882798130843239e-01 2.130998730651553763e-01 4.162223467095563789e-01 2.854217787604244050e-01 3.119753016230463194e-01 3.904670758156914556e-01 2.806702964025991065e-01 2.746910293813982218e-01 3.753186431027552561e-01 2.871320538982110593e-01 2.844504231626386881e-01 1.015670214580277897e-01 4.053782413013153341e-01 2.564599366170480788e-01 3.332355179469069784e-01 2.697171211876949748e-01 3.951947787966854087e-01 4.789012934048461623e-01 2.342477128603152603e-01 1.927080535313789034e-01 2.218068901716995500e-01 4.133829255301335048e-01 2.318029510993782072e-01 1.454014200785405941e-01 3.027601057159230447e-01 3.067357017664940622e-01 2.952873725059554366e-01 3.020892232026959334e-01 2.866497727435058929e-01 3.016516788198311261e-01 2.929510595558261765e-01 2.472499100468066591e-01 2.779467708595823594e-01 3.972592667460254079e-01 2.086926852001617372e-01 2.494662507204406243e-01 3.957545256739642414e-01
3.091734584257239682e-01 2.097608982977855752e-01 2.593103006300564450e-01 2.873261724907903436e-01 2.214677279672072063e-01 1.897460995340731482e-01 2.034153430655722405e-01 2.277809545467704699e-01 2.857822210574560984e-01 2.207092806306604205e-01 2.511863720141715994e-01 2.918876540229717875e-01 3.638008480569300263e-01 1.370442493270512541e-01 4.478267644845301265e-01 1.210677066103127003e-01 2.666301752346861842e-01 1.598535906841818677e-01 2.375742782605591019e-01 1.560985422547044033e-01 2.882863450860126409e-01 1.000000000000000222e+00 1.959315679376398001e-01 3.887616219387514671e-01 2.458556722299548303e-01 3.933464258636689137e-01 2.258737209387498279e-01 3.059431439756968851e-01 2.429256054733371917e-01 1.488978598196459835e-01 2.237124077829630298e-01 2.785575374488394318e-01 1.669404174919021655e-01 3.341031576580844042e-01 1.052988756262930037e-01 3.393642403436240573e-01 2.704249798206360689e-01 2.774104574338345230e-01 2.689787316570109721e-01 2.439493626228186607e-01 2.183153120579796047e-01 3.377849945756337680e-01 2.371169175701193788e-01 1.665416375070105925e-01 2.152884285162505185e-01 1.766352698516546749e-01 1.663999582806854061e-01 2.284648841274065645e-01 2.290672639240857456e-01 2.177822089581400722e-01 2.883420542245744289e-01 2.798686068612203925e-01 2.452534226792073280e-01 2.889996284678020833e-01 2.480431626058141048e-01 3.309840820740327372e-01 3.101872562190041149e-01 2.560926745508791402e-01 2.146097509620024935e-01 2.282580836719368123e-01
2.438701301560316226e-01 1.782217391154658770e-01 4.816519668398027143e-01 2.148182873623412370e-01 1.735064431758719106e-01 1.285935435667606708e-01 3.504361446569339011e-01 1.863311141905177881e-01 2.282833731515055142e-01 1.830724104311027556e-01 3.161698283165344514e-01 3.192210725088469037e-01 2.319545078957797879e-01 1.184172735870666626e-01 2.744576803867165293e-01 1.250102146301388661e-01 2.135004777258779352e-01 1.582624036036923143e-01 1.608895147251452051e-01 1.390741994334216136e-01 3.595436166793653521e-01 1.959315679376398001e-01 1.000000000000000222e+00 3.593737099892639897e-01 1.194195661487044563e-01 2.932434162779382625e-01 1.340491711625045879e-01 2.522666905875770582e-01 2.687166371972130596e-01 3.123120300905987690e-01 1.823097272384529566e-01 4.618600370646223641e-01 9.534370307871023464e-02 2.390606828981372278e-01 7.458555134847687229e-02 2.338435849975953607e-01 1.469956487162526471e-01 2.105773149031742453e-01 2.038373878574499809e-01 3.952460413734030786e-01 2.939087037099784028e-01 1.682977907466485790e-01 1.404719905378879474e-01 1.010231270013663141e-01 4.506807008264155368e-01 2.084524785930266244e-01 1.355450458201417907e-01 1.721469664127149579e-01 1.505204474067306786e-01 3.514799460370643391e-01 1.750256213502925928e-01 2.225335551736335182e-01 1.763235301892654705e-01 4.288912170188670103e-01 1.387035195006606492e-01 2.217400468377063449e-01 2.683954906177355437e-01 2.034513453176482745e-01 1.324441638060990523e-01 2.549109122173303654e-01
4.453656055593190888e-01 2.715514398935169327e-01 3.693097821676692982e-01 2.735083238060667110e-01 2.671815000796827766e-01 2.068658033062782953e-01 2.724935734434934531e-01 3.797477030899642503e-01 3.423449962126763890e-01 2.870960210984524474e-01 4.501478984352383361e-01 2.807143170500136509e-01 3.885699017069352279e-01 2.008476372301144786e-01 4.069507216756544365e-01 1.669841337171088236e-01 4.068217024110775126e-01 2.421953085306040032e-01 2.775321024029731576e-01 2.182323570392839529e-01 4.120882798130843239e-01 3.887616219387514671e-01 3.593737099892639897e-01 1.000000000000000222e+00 2.702236066728659902e-01 4.491753388410632541e-01 3.508716792974560517e-01 3.475211860646332807e-01 3.093083567344325213e-01 1.815840847255950352e-01 2.837872694691358499e-01 3.342568171390520315e-01 1.984195038921015286e-01 3.879193185170177194e-01 1.283302318952012355e-01 3.742751996587739827e-01 2.892454004226164277e-01 3.210161361509997757e-01 4.158262225862786599e-01 4.297014807628047883e-01 3.446392788914511285e-01 3.762177156714330839e-01 2.439168932919703048e-01 1.864125025456020435e-01 3.888569038539647638e-01 2.600356251261981555e-01 2.253968613289429879e-01 2.724916256616779497e-01 2.693639530192055709e-01 2.955153157879115144e-01 3.483940331372658572e-01 3.215658371397216442e-01 3.195137166151585384e-01 4.105603095995793428e-01 2.643405364786337586e-01 4.066918264411454320e-01 4.856970251459417076e-01 2.846284656126694679e-01 3.147043923963880885e-01 3.910416628728258237e-01
2.438621146908985238e-01 2.671833646668154705e-01 1.372823114142340817e-01 1.356154484436258856e-01 2.469631429259139810e-01 1.525449788353848424e-01 1.283135010961048705e-01 2.190017089557468599e-01 3.100906716655922324e-01 1.890170579502279680e-01 2.590823587695900709e-01 1.932151259695492063e-01 2.263172023262765287e-01 1.274494562393462538e-01 2.703543901050598497e-01 1.007375018896834590e-01 2.072342122583536173e-01 1.367844495161031348e-01 1.734208969945647549e-01 7.610261023658299040e-02 2.130998730651553763e-01 2.458556722299548303e-01 1.194195661487044563e-01 2.702236066728659902e-01 1.000000000000000222e+00 2.832725341664091290e-01 2.138756661800657044e-01 2.321056555118049258e-01 1.716701391651481445e-01 1.079348444965530507e-01 1.876260544118762974e-01 1.655932277493845362e-01 2.262438885600057958e-01 2.425007471668285952e-01 7.893600608159716259e-02 2.808126923856765211e-01 2.756276257981979949e-01 2.557131240190027022e-01 2.799648567166716506e-01 2.004182327940320640e-01 1.614656911717826937e-01 2.895196693336248295e-01 2.031469057411523504e-01 1.517271603299796823e-01 1.405106948735945771e-01 1.421038150899731622e-01 1.356381613875221326e-01 2.157731853559937130e-01 1.806643820341587714e-01 1.352931705768960491e-01 2.307591737283249955e-01 1.552882665792950090e-01 3.049057026471003184e-01 2.335700834686991745e-01 2.225426167237467834e-01 1.736282127146040744e-01 2.880812897210180412e-01 2.272223490531865564e-01 1.802384120035332438e-01 1.489862750513068490e-01
3.830614256843987153e-01 2.054989959003195588e-01 3.221945639904897907e-01 2.688587777066729911e-01 2.342905676691015571e-01 2.162911049815488540e-01 2.255489248673370473e-01 1.858164690986375822e-01 3.240864505771469117e-01 2.143450638226744309e-01 4.249349754199303053e-01 2.497686033655936444e-01 4.171534238130306105e-01 1.551811074674713242e-01 3.357897967660803396e-01 9.358996881447621818e-02 1.970456969798295432e-01 2.451468498345258928e-01 2.237211318511963531e-01 1.162911544814894949e-01 4.162223467095563789e-01 3.933464258636689137e-01 2.932434162779382625e-01 4.491753388410632541e-01 2.832725341664091290e-01 1.000000000000000000e+00 2.485047735026761906e-01 2.977972504035564238e-01 3.042260506294668376e-01 1.954287450563347295e-01 2.320141181553607435e-01 2.980775223429757426e-01 2.095369426408907609e-01 3.075580856664577589e-01 1.065781395563931006e-01 4.238392087274224229e-01 3.093867965775474183e-01 2.727124868946808056e-01 3.395917815192940892e-01 3.590915288884864998e-01 3.975274373082442469e-01 2.635595958585627008e-01 2.046910089499291985e-01 2.243736464468958636e-01 2.855693320193268270e-01 2.397094860432171237e-01 1.363652004401298135e-01 3.008963939597155135e-01 1.806589386496999516e-01 2.787319288322920308e-01 3.892192831363290306e-01 2.672165916790504303e-01 3.329407334805971619e-01 2.789676234615476313e-01 2.484961534127213822e-01 3.212758060205829769e-01 4.268376725868727739e-01 2.689019810556154133e-01 2.532573759602993468e-01 3.380690199969836329e-01
