1.000000000000000222e+00 7.323606336291278718e-02 6.204697328800230088e-02 5.297854611300043537e-01 2.861188601877476256e-01 5.214047042932096893e-02 4.598069697390167465e-01 3.861250024642631229e-01 2.590899204233900743e-01 7.397895608875805495e-02 4.059813278557892202e-01 3.997730336546320012e-02 4.232187849433048377e-01 3.557585748327556918e-01 4.189252060157965252e-01 6.761555863252370624e-02 5.700188153129084889e-02 3.876609395608483499e-01 9.860647506680873808e-02 5.711846105468407209e-02 7.509613362652541035e-02 1.015145606516681953e-01 4.790254767012744330e-01 3.960600351984967515e-01 8.190208991158708096e-02 3.779889494449662490e-01 6.691729143153223036e-02 5.900083557039573212e-02 6.724663942296088548e-02 3.442908547916898043e-01 3.856183732885811177e-01 4.301038924646083395e-01 5.531259460019725266e-02 8.493847935769775759e-02 3.645257167583818569e-01 6.649740176735165209e-02 8.048592317129586726e-02 4.127718523726551375e-02 4.540508024864755438e-02 7.103581301193138964e-02 6.024316417149677694e-02 8.348464448095735402e-02 5.689647374565689475e-01 8.944484518192917510e-02 6.210407444358835571e-02 3.383787012084341073e-01 1.092918379956566155e-01 3.506240830478615789e-01 6.336876548752144733e-02 6.934276464257065065e-02 6.752215459495766736e-02 4.685549577964901596e-02 4.065594512893200840e-01 6.382663773855211387e-02 3.644291422110061962e-01 6.907511053992082539e-02 4.592359215930892635e-02 4.288365666034870682e-01 1.837605775311337009e-01 4.177823370599951236e-01 4.185500810069838623e-02 5.444725370321346763e-02 5.927019175553917274e-02 5.955202718776843318e-02 4.980357806587905334e-02 8.358015621640567383e-02 4.058249908902833436e-01 1.526207223159473381e-01 8.493287116023463812e-02 7.714678747060822739e-02 6.217644492820430246e-02 3.984941207809267749e-01 4.185004932324928872e-01 4.195677499216378670e-01 2.535097011072343642e-01 4.960653786263029275e-02
7.323606336291278718e-02 1.000000000000000000e+00 5.786445244323112913e-01 6.184185236755777859e-02 1.204484792660772269e-01 1.712501346227304766e-01 9.973235443716126081e-02 6.340140828152646124e-02 7.469338469409173009e-02 1.789163853013907846e-01 7.448869073918641670e-02 2.631451632215921488e-01 7.722371540377116761e-02 1.595342018677370910e-01 6.829261230432943919e-02 3.500753405069481072e-01 2.742074944994365993e-01 6.952987190782654314e-02 1.911419842069711217e-01 1.055406060796857393e-01 2.074772150846256047e-01 2.838613997889006813e-01 6.006588399521910898e-02 6.218871048431458270e-02 4.706249930272592419e-01 6.831090895272844132e-02 9.247579197092474501e-02 2.800086315981403229e-01 1.867753581066642632e-01 1.350511483109022304e-01 7.370250404565621694e-02 8.992525138428972276e-02 1.769403602708606027e-01 2.577849265359954400e-01 1.410833635160555488e-01 2.321556909257531109e-01 3.934130027131173546e-01 2.172832923998434529e-01 1.546718135462737953e-01 2.186983817058702484e-01 1.709626531068738631e-01 8.648802803065028244e-02 7.932135810450977043e-02 1.978052867062175257e-01 9.368811266884910505e-02 5.426440797728630805e-02 3.205945246892208944e-01 9.198413858915846508e-02 1.097738584831059461e-01 1.755697835773474824e-01 2.645580871047753524e-01 1.902754816471130261e-01 1.119478528537364431e-01 2.157804982113655512e-01 1.146151116455706859e-01 2.971675539185613113e-01 8.678022252416751903e-02 1.284677058047349330e-01 5.190088347283496051e-02 6.979523954822272613e-02 1.893435550951946544e-01 2.466183543720271154e-01 2.104107064782603231e-01 2.193570046760006109e-01 2.601202320956066960e-01 2.447722315623249989e-01 7.527479213886842380e-02 1.998035310367517192e-01 1.675744182298601614e-01 2.319116027613811470e-01 3.578393798657988345e-01 7.222683911935830203e-02 1.006595708366851416e-01 9.853058239984374689e-02 8.399901654729906297e-02 2.820827401084585739e-01
6.204697328800230088e-02 5.786445244323112913e-01 1.000000000000000000e+00 4.840410553870774096e-02 9.574774475417768826e-02 2.273851869700584116e-01 8.986084867470488236e-02 6.386064671045063590e-02 7.664111374799166543e-02 1.974290431369973009e-01 6.576706687662102480e-02 2.303928441940263361e-01 7.451444519617729523e-02 1.255487406768869274e-01 6.442007960953292922e-02 4.117492292121268105e-01 2.616079697143507410e-01 5.892246855349032864e-02 2.258950392375819183e-01 1.061357141900828027e-01 2.075945380530323237e-01 2.960178646484712961e-01 4.806022349792497816e-02 5.383467595019980623e-02 5.098162341926906205e-01 5.966048049254706748e-02 1.274001506920956484e-01 3.199179392188034043e-01 1.788163260301634250e-01 1.170362867573864207e-01 6.653264800200947571e-02 7.943642525490589301e-02 1.808866132393798232e-01 2.565937374701472429e-01 1.533836800248544463e-01 2.523281143113876857e-01 4.355412216635855538e-01 1.940165090466661191e-01 2.158537395010622362e-01 2.224727755104604354e-01 1.739342247031925304e-01 6.848561573717419637e-02 6.418294425927728586e-02 2.187847952839174215e-01 1.033309764084847371e-01 4.923685627224744926e-02 3.351929960804640451e-01 9.301900296856491224e-02 1.164167805864588373e-01 1.464603820447346050e-01 3.068822709087049017e-01 1.975538526822802621e-01 6.829276027628734813e-02 2.996833051553224325e-01 7.807877528512199850e-02 3.021630512800893564e-01 5.989388282244843820e-02 8.234499644294572540e-02 4.268957292529628605e-02 5.366643417596229232e-02 2.378890428298050252e-01 2.764486648258457357e-01 2.209806298939956670e-01 2.408390650234331076e-01 2.293314760179232248e-01 2.367154099931799982e-01 5.835270532601780080e-02 2.256505754729075108e-01 1.497800859085362535e-01 1.703714504662748597e-01 3.785035376231982718e-01 4.336212315397893619e-02 1.064101938854356277e-01 6.897612721358387100e-02 8.542843682693682106e-02 3.453461144948165584e-01
5.297854611300043537e-01 6.184185236755777859e-02 4.840410553870774096e-02 1.000000000000000000e+00 2.468176741084920911e-01 5.638604904751628316e-02 5.179523866128453724e-01 4.063260099842707640e-01 3.676963317176393797e-01 1.123772778097063968e-01 3.960728509555633825e-01 4.773341463939339419e-02 4.378739403592171731e-01 3.131558292560312484e-01 3.471878670927040500e-01 7.029533483086108925e-02 6.115720395426040012e-02 4.425359087805865177e-01 1.285279075807599092e-01 5.533293881005187098e-02 1.087680863273171317e-01 1.071915994302626018e-01 5.641932335148217570e-01 4.223436893878294018e-01 6.254701520145128368e-02 4.095898945638868915e-01 8.373882393382467426e-02 5.156546798438604168e-02 6.211777617319230727e-02 3.143146867783900844e-01 4.209626336199961960e-01 4.717272012462614406e-01 6.716698637099921543e-02 7.712523872700745298e-02 3.557556618867780962e-01 5.782418753099124314e-02 7.811227479012965158e-02 4.315966673533502829e-02 5.759538095063974211e-02 5.822529195957203141e-02 5.776056637396980581e-02 8.047578332498366016e-02 5.636283941871016445e-01 8.553156949666644582e-02 9.959582171198243239e-02 3.517155815105101890e-01 1.244573886688189884e-01 3.612867000036309451e-01 6.974592263638250411e-02 8.236076287651911132e-02 7.197928619110995074e-02 4.097353043398121314e-02 3.911098213415767910e-01 7.359883939916279927e-02 3.398521318426455107e-01 6.221094199862935853e-02 4.801689566136220499e-02 3.874866957326050798e-01 1.891507645395738013e-01 3.480219849638578888e-01 4.561559614729501083e-02 3.750412258116005843e-02 4.652015034331981325e-02 4.706975140031058324e-02 6.728789594382655892e-02 1.187634043482268809e-01 4.804536637805410515e-01 1.614693880886418631e-01 7.519078667337426858e-02 8.135773954139022268e-02 6.752148826360868106e-02 3.725647166920046938e-01 3.913875428954902147e-01 4.113996698251164430e-01 2.631042115341856169e-01 5.592586287890551067e-02
2.861188601877476256e-01 1.204484792660772269e-01 9.574774475417768826e-02 2.468176741084920911e-01 1.000000000000000222e+00 5.992543349120543067e-02 2.540819054070855842e-01 2.318649451370564663e-01 1.957381025475384562e-01 7.684959596476943766e-02 2.587304410073708039e-01 6.367811562286913862e-02 3.392388721963557341e-01 3.511810450768000358e-01 2.854981471688102235e-01 1.011558982487291009e-01 7.800619748327634884e-02 2.396249750990147032e-01 1.319243362060706637e-01 5.100341959464673586e-02 6.777375892646139710e-02 8.868693834373281293e-02 2.375522879671446985e-01 2.611984223251152537e-01 1.247279680472063862e-01 2.364395314705597106e-01 6.263492116698599066e-02 8.479679635940304272e-02 8.078515087790252847e-02 3.237733693167314519e-01 2.357151858916566312e-01 3.198676210129100528e-01 7.023309686591190648e-02 1.063120870736519591e-01 4.265773115508088020e-01 7.798561568348362505e-02 8.433687389186621253e-02 5.582429499448283983e-02 6.142086531923776627e-02 7.578209429220736371e-02 7.873017466859962010e-02 8.144148539225597172e-02 2.804022564127923722e-01 8.953665144849262680e-02 5.879131130116777709e-02 3.887752535202000370e-01 8.574322492576211263e-02 2.495421200841497766e-01 6.436341286103772208e-02 9.910304967297395295e-02 8.522266092455425823e-02 6.559606031991166430e-02 2.249026955159318386e-01 9.037556386047673751e-02 2.952612253725567237e-01 7.667725619648939339e-02 6.405638892695786346e-02 3.996172276281864666e-01 1.631300840632741445e-01 2.199176386699557006e-01 5.404208332309749785e-02 7.255116634168273793e-02 7.807416194666018383e-02 8.125194333004000236e-02 8.519583377533798685e-02 8.157195688044466264e-02 2.287281353015094554e-01 1.271030152548835446e-01 6.493135828649462815e-02 9.481768471594528847e-02 1.174128224545739480e-01 2.294974897302668737e-01 3.541058437123713043e-01 2.549199887004339193e-01 2.177062276072969649e-01 6.876950990365343630e-02
5.214047042932096893e-02 1.712501346227304766e-01 2.273851869700584116e-01 5.638604904751628316e-02 5.992543349120543067e-02 1.000000000000000000e+00 5.710131309063359167e-02 5.261632000316258245e-02 6.448220995126115185e-02 1.690439639912486303e-01 6.599680350188476263e-02 3.405711372525595526e-01 8.845304059358126414e-02 5.457257038626598528e-02 5.338229789017302079e-02 1.940191081953917540e-01 3.082635175886804801e-01 6.740126103397267587e-02 1.917321277194544427e-01 9.021373163704968223e-02 9.816978674385185011e-02 1.252762161015411602e-01 5.840292938817901597e-02 5.436405227362414022e-02 2.018097098660118771e-01 5.813083845798815846e-02 1.404210620464126091e-01 2.777148196568343663e-01 1.387117418016163284e-01 6.600130810922774649e-02 6.832687568510714682e-02 7.977907895057032017e-02 1.607746708885425257e-01 1.734260390071914459e-01 7.403097706451554350e-02 2.794003507286065280e-01 1.930336076848024884e-01 1.489217838374481684e-01 2.714927256575969117e-01 1.348212125192402577e-01 1.315707704141077516e-01 5.345050036666677828e-02 7.037874677666261514e-02 1.252169809741021933e-01 8.195602439746672851e-02 6.862123001291907387e-02 1.879066559912658529e-01 9.462207066478107997e-02 1.274161741861876695e-01 1.298492476353171610e-01 2.559659648979347168e-01 1.529805286011711729e-01 5.666217266627765481e-02 1.469107929897976172e-01 4.901295557896453298e-02 2.119029690013021494e-01 6.243220329842975175e-02 6.947714007831444494e-02 5.506610081204114243e-02 4.794401673763948324e-02 5.364673154071567529e-01 1.651190661891632494e-01 1.226706273319742579e-01 1.679576862018929417e-01 1.675107122281629668e-01 1.770117241614124759e-01 6.563377366840039695e-02 2.215517397338515326e-01 1.498439591240911806e-01 1.254879501822378229e-01 1.884026234633413843e-01 6.219133168183165611e-02 7.767632202029098321e-02 5.577809913869483799e-02 7.520670208066718154e-02 5.152650787630997931e-01
4.598069697390167465e-01 9.973235443716126081e-02 8.986084867470488236e-02 5.179523866128453724e-01 2.540819054070855842e-01 5.710131309063359167e-02 1.000000000000000000e+00 4.440707441290513979e-01 2.832628848049325021e-01 9.145796020655172498e-02 3.392518163408551057e-01 5.306420674225145739e-02 3.539347923528188278e-01 3.095048328888868605e-01 2.930476915013114358e-01 1.220317472138465059e-01 6.688461322752616012e-02 4.786950175823317388e-01 9.790610203043881299e-02 4.895910233401822714e-02 7.784771939455265022e-02 1.076335340990466072e-01 4.836123645682124383e-01 3.297603864083966663e-01 1.085712325619174329e-01 3.085742322855645758e-01 5.549181116567882682e-02 1.008494379815397801e-01 7.837133005022023369e-02 2.892411819360869440e-01 3.468926124875489903e-01 4.342270425541673307e-01 4.692241142810550658e-02 1.541316811202127213e-01 3.741782147089685040e-01 6.869878786644353919e-02 8.019980786441138765e-02 5.326397371292813931e-02 4.737452350548985308e-02 6.032181827051995293e-02 5.157628278618985040e-02 6.849236382626262831e-02 4.807706081583216773e-01 6.384160115850935624e-02 6.878399117665681683e-02 2.944573055959894270e-01 1.206963644665437346e-01 2.638945853932435082e-01 5.804046710012060462e-02 7.907466457959980155e-02 1.323733256143288239e-01 6.208993115131499624e-02 3.321369103303502546e-01 6.312588151512459056e-02 3.280534771680164718e-01 6.507649824017992801e-02 4.000423824546930907e-02 3.498961520475796227e-01 3.332676603105702573e-01 3.561468276939999122e-01 3.872116103171990148e-02 5.679275385398080411e-02 8.093695656189776877e-02 5.595972174486798373e-02 6.699168876671204864e-02 9.054183675245092155e-02 3.380998762676585834e-01 1.582707549947358072e-01 5.687541047934738941e-02 8.722246700568496436e-02 8.595855770851856814e-02 3.074020666804025415e-01 3.493086498941818663e-01 3.494060311052146206e-01 2.391888903058301263e-01 5.338210832354817886e-02
3.861250024642631229e-01 6.340140828152646124e-02 6.386064671045063590e-02 4.063260099842707640e-01 2.318649451370564663e-01 5.261632000316258245e-02 4.440707441290513979e-01 1.000000000000000222e+00 3.505005444870814002e-01 6.725388151073774523e-02 3.850334883283860199e-01 4.219779456324849326e-02 3.661745182518057473e-01 3.039724809371417424e-01 3.332066353415839011e-01 1.263202386224547003e-01 4.880258746182281060e-02 3.518270767721609626e-01 1.143034798651985234e-01 4.836669509653714755e-02 5.883139093567740091e-02 1.413635269287825680e-01 3.959083744834361873e-01 3.852620842662847211e-01 7.575337272332320626e-02 5.355023324811142293e-01 6.798333247469155738e-02 9.322208168561919861e-02 7.022825480908509443e-02 3.118334781563941172e-01 4.428710686276554065e-01 4.096412811456921488e-01 6.295350422119837253e-02 1.676701004229251557e-01 3.055507382913604242e-01 7.745109625481197413e-02 9.132979253869079328e-02 3.796084878741003837e-02 4.257414600921041736e-02 5.544653651831711605e-02 5.997841211345759926e-02 6.582779353188700222e-02 5.238982904425341092e-01 7.573248395252386855e-02 7.101527449975401918e-02 3.602669046001386044e-01 1.410364097738608657e-01 3.179043409963076550e-01 6.238221914674481339e-02 8.183676842782947047e-02 1.451827060042645001e-01 5.168433049189796041e-02 3.430610816799746776e-01 6.858786480219104809e-02 3.118604677536085945e-01 6.449756173507803503e-02 5.107587232903183783e-02 3.265587213070966777e-01 4.898653219343521714e-01 2.275181860650629939e-01 4.388505617853838414e-02 5.404814266467913852e-02 4.405536958774222689e-02 4.047976230833916916e-02 4.820074028166674435e-02 1.211153594368468839e-01 4.807028504575815431e-01 1.210283010624363387e-01 7.362594163431172845e-02 8.870710493294441112e-02 7.009236740975861857e-02 4.014429019645044394e-01 3.443904554316602473e-01 4.202214974499650091e-01 2.177359067023560135e-01 5.039942044067793198e-02
2.590899204233900743e-01 7.469338469409173009e-02 7.664111374799166543e-02 3.676963317176393797e-01 1.957381025475384562e-01 6.448220995126115185e-02 2.832628848049325021e-01 3.505005444870814002e-01 1.000000000000000000e+00 7.195011992406541435e-02 3.580418712865442443e-01 4.066013119568234052e-02 4.116886008535589059e-01 2.616075755154726457e-01 2.432345194140081435e-01 8.922601488205811338e-02 6.084989288065317109e-02 2.622254693483277443e-01 1.174124847362194024e-01 5.649281445889386966e-02 5.151653408877767543e-02 1.535789494984288461e-01 3.106425857904432930e-01 3.858668035782060746e-01 8.147424597911527566e-02 2.743556920139981203e-01 5.898262360211915106e-02 6.141588813990304929e-02 6.630954549392943653e-02 2.648349024056328438e-01 4.108690330977696203e-01 3.283569891335354485e-01 6.477757183049523415e-02 7.655158071351236826e-02 3.169993953730147473e-01 7.516222029214850164e-02 8.623378550861224290e-02 5.149952159357636117e-02 4.231336491774335962e-02 7.940596475599197290e-02 6.020830424483405302e-02 7.732065849709075789e-02 3.016419199808259566e-01 7.891253815561251328e-02 1.039631297390457149e-01 3.359478448357887670e-01 1.569940633331621815e-01 2.789293611388111160e-01 6.997575000378811194e-02 1.019177444488987005e-01 6.348945068691871918e-02 5.281775393175468930e-02 2.771388352880626571e-01 7.235101929329404435e-02 3.191146308636239048e-01 5.471005582294263814e-02 5.979869465029447051e-02 2.624217115819731383e-01 2.474729488706908787e-01 1.635835039503691357e-01 4.762832561243752344e-02 5.578874432987034060e-02 5.338468232034193628e-02 4.357918544018563739e-02 5.521543346820923653e-02 1.337655882179997757e-01 4.813283811733047313e-01 1.273002393351829187e-01 8.815755936309398189e-02 1.001071892521824686e-01 8.019870244491290878e-02 3.351940892089241841e-01 2.799490773480955985e-01 3.824816403815328170e-01 2.405118961459095372e-01 5.447863806538713605e-02
7.397895608875805495e-02 1.789163853013907846e-01 1.974290431369973009e-01 1.123772778097063968e-01 7.684959596476943766e-02 1.690439639912486303e-01 9.145796020655172498e-02 6.725388151073774523e-02 7.195011992406541435e-02 1.000000000000000222e+00 8.054165659514432585e-02 1.547075401824410668e-01 9.523072918934251396e-02 7.582026570930197606e-02 6.970222859200127241e-02 2.077422985585410942e-01 2.241601870787353068e-01 8.210823437259470725e-02 2.438007592819073088e-01 1.550332515413557766e-01 2.020378101735086640e-01 1.272889512675250689e-01 8.416908498932772209e-02 1.019318801427034626e-01 2.341727430516483410e-01 8.674997582126699192e-02 1.295955834190304357e-01 1.784431690840921070e-01 2.904080692455616175e-01 6.880450304661965555e-02 8.482050343562723416e-02 9.600718883103526169e-02 1.737683742821216903e-01 2.296963161344644511e-01 8.919188524182589117e-02 2.072039901906812531e-01 2.522892340420689328e-01 2.096651150049900214e-01 1.915435755952530628e-01 1.770099593466763765e-01 2.239880487576083878e-01 6.476832891405885639e-02 8.935019748226796787e-02 2.082434341478759388e-01 1.583725598879294760e-01 7.695093249679078873e-02 2.530012359147031376e-01 1.031262211405342827e-01 1.393705071731264622e-01 2.519040988930065228e-01 2.875672704468951735e-01 2.452510188164545024e-01 5.843527014280972681e-02 2.409853629247879769e-01 9.146885937056348226e-02 2.464143555942848451e-01 5.381943755552120318e-02 8.433807624153952243e-02 6.436205632577617075e-02 5.654779471694403731e-02 1.624888131548202774e-01 2.677971792336484302e-01 2.249707805637820579e-01 2.030394368024646679e-01 1.890757266602409170e-01 1.951562921154310626e-01 7.777689711150709284e-02 2.848105198597147836e-01 2.039373226030725683e-01 2.383387555359628707e-01 1.955922854362799890e-01 7.400684351235647940e-02 8.270925366471912343e-02 8.336822275034652674e-02 7.732517083415721415e-02 1.836009215588885191e-01
4.059813278557892202e-01 7.448869073918641670e-02 6.576706687662102480e-02 3.960728509555633825e-01 2.587304410073708039e-01 6.599680350188476263e-02 3.392518163408551057e-01 3.850334883283860199e-01 3.580418712865442443e-01 8.054165659514432585e-02 1.000000000000000222e+00 5.945727670328233849e-02 3.983994081782933350e-01 4.148302480644226464e-01 3.942010186580356401e-01 9.335310257130256806e-02 5.414418108369428717e-02 2.655137447769734260e-01 1.343423709767343488e-01 6.377477963807820505e-02 7.162535026594714360e-02 1.544135797500977569e-01 4.729966110524420619e-01 5.360502520797887360e-01 7.768989719647650949e-02 3.558883481127474435e-01 6.839263017625873964e-02 5.791156872579487219e-02 8.487330308796207923e-02 3.315382135468707414e-01 4.211250169002378474e-01 3.847842743036228308e-01 6.129042784919704057e-02 8.613923293907792267e-02 4.048718973996430215e-01 6.179038345983968450e-02 7.073911364640055044e-02 4.947343305395991014e-02 4.860619744259403463e-02 6.836677516182711190e-02 6.313188145621013991e-02 6.724196390741665752e-02 4.541147387006241321e-01 8.244283502798394059e-02 7.457475406375720095e-02 4.208389168453294804e-01 1.851043642386523413e-01 4.053510217517863334e-01 7.558991908901654955e-02 8.035935997302694200e-02 7.305694201027786161e-02 6.097783706337975979e-02 3.655387920511840583e-01 6.791937751789062228e-02 3.300332022441408442e-01 8.447848850153656663e-02 4.889858622712996150e-02 4.644215301798077511e-01 1.979514956701960149e-01 2.618619057576392906e-01 4.956302627933719535e-02 4.402846293979313652e-02 6.047837343166912599e-02 5.479246138231089885e-02 5.106787022325735836e-02 1.700284442479501057e-01 4.950596336895118910e-01 1.515275370658178133e-01 8.343913759728116553e-02 8.599750838480364756e-02 6.660675787671684056e-02 4.609303736151926234e-01 4.208839472330237474e-01 3.879379009793378352e-01 2.554428915669453848e-01 6.293762109908138114e-02
3.997730336546320012e-02 2.631451632215921488e-01 2.303928441940263361e-01 4.773341463939339419e-02 6.367811562286913862e-02 3.405711372525595526e-01 5.306420674225145739e-02 4.219779456324849326e-02 4.066013119568234052e-02 1.547075401824410668e-01 5.945727670328233849e-02 1.000000000000000000e+00 6.559896026692386972e-02 7.659915831749879167e-02 6.073194571293748928e-02 2.364947997313611716e-01 4.472039454123486468e-01 4.563038640139640417e-02 2.478721235089401953e-01 9.239891552243456596e-02 1.204430316182065058e-01 1.434781456968975411e-01 5.880762402658347432e-02 5.009833002535473562e-02 2.818650258016761057e-01 4.924214056645419280e-02 1.186642747047567392e-01 2.680233953369081656e-01 1.527757604909023847e-01 7.994614027680049806e-02 6.112889821776417570e-02 5.007293220749282903e-02 1.290885329317353614e-01 1.909482172077653639e-01 5.912785892427136619e-02 2.050548750367447715e-01 1.778247841886977376e-01 2.157978929901136489e-01 1.894803716601201615e-01 1.303416047627656560e-01 1.441079579462511417e-01 5.031318455063142625e-02 5.770359328304634772e-02 1.409988119417441288e-01 8.524718344192271091e-02 5.066406759541334376e-02 1.746898657650783615e-01 6.389130012385942081e-02 1.381146664367027821e-01 1.212955720931423731e-01 2.479989165127512996e-01 1.612955881997120422e-01 6.026394555619248028e-02 1.537818809553687383e-01 5.857322341616802430e-02 3.733267270216812372e-01 4.832130184224237707e-02 5.481804505515210785e-02 4.354497967936910713e-02 4.395880369164731349e-02 3.525173145430594013e-01 1.547374930579619445e-01 1.349967089774220530e-01 2.088103421083760958e-01 3.574185299720983311e-01 4.090264857206694082e-01 4.744689380481266483e-02 1.834618325057612576e-01 1.304119734740109005e-01 1.249473203661451010e-01 2.509664332425133315e-01 5.054883349527476699e-02 5.905414162202884953e-02 5.775643749630847423e-02 4.446916051617398613e-02 4.055648442891782168e-01
4.232187849433048377e-01 7.722371540377116761e-02 7.451444519617729523e-02 4.378739403592171731e-01 3.392388721963557341e-01 8.845304059358126414e-02 3.539347923528188278e-01 3.661745182518057473e-01 4.116886008535589059e-01 9.523072918934251396e-02 3.983994081782933350e-01 6.559896026692386972e-02 1.000000000000000000e+00 3.415587874868156182e-01 3.694646857367104853e-01 7.009107399978904696e-02 6.400822688128669780e-02 3.212240672154080823e-01 1.814822082809448567e-01 7.105880432323463669e-02 7.847921918171403555e-02 8.090085674104588453e-02 4.149828595053883240e-01 3.395923181541776192e-01 8.169933536831351650e-02 3.982563665690608823e-01 9.937691804802260831e-02 5.529595968708262560e-02 9.358165307098052776e-02 3.596786276411796934e-01 4.650742645551071974e-01 3.260819857003511846e-01 9.744970205852050704e-02 9.632510164554047849e-02 3.815238457098423797e-01 8.062123345370243721e-02 1.031811811694761799e-01 4.039157751366045934e-02 6.214193025209165805e-02 9.362646539572423710e-02 8.435189828003018808e-02 8.841539401570534806e-02 4.127931077602074450e-01 1.071331504448995858e-01 8.727008480100881260e-02 3.223133949080928540e-01 7.987579530395595706e-02 4.244762906812895031e-01 9.413816545877420894e-02 1.142288997698986258e-01 9.074094255463074910e-02 6.542606097828275458e-02 3.608431252878112061e-01 1.048761920886880500e-01 2.956210467483812443e-01 8.979208593311198416e-02 7.439162978343503985e-02 4.081658663348088356e-01 2.665553068035417805e-01 3.002686754663456692e-01 7.871064515483787438e-02 5.755683931077103244e-02 6.390321910792715054e-02 5.469728952886192264e-02 5.408703793218126027e-02 5.747192761223032104e-02 4.692481124252816937e-01 1.838189003609298211e-01 1.048688538272611465e-01 1.138755902994119246e-01 8.829756210803539618e-02 3.579986596271723109e-01 4.501063060217926348e-01 4.068665322798891149e-01 3.402057206976955017e-01 9.142658418190523217e-02
3.557585748327556918e-01 1.595342018677370910e-01 1.255487406768869274e-01 3.131558292560312484e-01 3.511810450768000358e-01 5.457257038626598528e-02 3.095048328888868605e-01 3.039724809371417424e-01 2.616075755154726457e-01 7.582026570930197606e-02 4.148302480644226464e-01 7.659915831749879167e-02 3.415587874868156182e-01 1.000000000000000000e+00 3.134386393422493589e-01 1.559804370057649714e-01 8.617254687517711398e-02 2.453429987544062663e-01 1.331681836884938963e-01 5.686811374191496488e-02 7.086598345530079057e-02 1.652666421218971227e-01 3.248756467548102878e-01 3.972451072077874956e-01 1.560041979046696003e-01 2.579533330273008351e-01 7.273433075416808891e-02 1.075472797361292226e-01 1.082760708277040740e-01 5.015096493008629475e-01 3.204008535132613078e-01 3.161251006530371166e-01 7.229669207917242824e-02 1.171552301753029102e-01 4.355188184450912714e-01 9.656106949963448594e-02 1.000118317839641391e-01 6.441530279348457733e-02 6.292407161402496785e-02 9.973228697888941729e-02 8.702723873770157326e-02 8.823646360690398649e-02 3.700834810297914945e-01 1.179869655279430496e-01 6.779856403882690563e-02 2.879162075038566582e-01 1.576129598568755674e-01 2.613498486294706935e-01 7.217483006821812097e-02 1.091043373131966587e-01 1.156903303380765885e-01 9.124573738998970063e-02 3.194924732023356473e-01 8.890531722993891273e-02 3.178653898339899309e-01 9.229226255989203542e-02 6.745691378500186242e-02 3.626661068002910437e-01 1.499627777634122694e-01 2.464783932377985487e-01 5.070537339823608797e-02 9.188713493465207327e-02 1.044444747383199978e-01 8.245343491457192420e-02 1.178583517584097656e-01 1.451982936124587564e-01 3.556226459719588062e-01 1.406846406775889013e-01 1.004256113160885422e-01 1.377725974232330841e-01 1.345320512128285184e-01 2.933136757599676958e-01 3.745855229282548104e-01 3.307900855352916003e-01 2.066545400201890703e-01 6.732403350082077909e-02
4.189252060157965252e-01 6.829261230432943919e-02 6.442007960953292922e-02 3.471878670927040500e-01 2.854981471688102235e-01 5.338229789017302079e-02 2.930476915013114358e-01 3.332066353415839011e-01 2.432345194140081435e-01 6.970222859200127241e-02 3.942010186580356401e-01 6.073194571293748928e-02 3.694646857367104853e-01 3.134386393422493589e-01 1.000000000000000000e+00 7.874223969822723157e-02 6.267136069033880930e-02 3.118471904595419009e-01 1.242104726068718190e-01 4.893818390693123466e-02 5.632469922595317174e-02 6.638420063312276687e-02 3.529024324013789182e-01 3.146601639594660549e-01 1.193988305734331595e-01 3.744175227685251350e-01 7.111209970278253856e-02 6.780334473634955228e-02 7.639188143223223093e-02 3.176344839349729554e-01 3.105231204872066497e-01 2.784117932463567868e-01 5.758010543602934406e-02 7.910625708115326393e-02 3.073626691329520155e-01 6.907031137885558114e-02 7.539085126069873521e-02 5.154770744226287726e-02 3.156235620655618163e-02 7.154847559245736122e-02 5.723791896792479461e-02 5.908214219777751380e-02 4.028353950981494735e-01 9.458499699972260089e-02 9.325750436764966567e-02 3.109182592075779294e-01 8.733368792734456931e-02 3.759522864516341989e-01 7.107322999771842342e-02 8.774488597380201982e-02 7.022558406456536062e-02 5.835290765785831196e-02 4.017440017196334257e-01 6.971286006525118095e-02 2.824018507810428513e-01 7.068041916903761157e-02 4.696020319704304752e-02 4.121537021881047091e-01 1.640158160036251644e-01 3.277895976011769852e-01 4.872128638377550697e-02 4.932961954333333482e-02 6.392262010399141214e-02 5.710259367644210382e-02 6.535497126553627134e-02 4.785724807843430573e-02 3.265983936794371045e-01 1.472756332081275876e-01 7.099165304925625364e-02 8.765828652419031808e-02 6.556506439382067675e-02 3.841425432668805207e-01 4.610525273701445159e-01 3.464060353848557594e-01 2.244533188615845387e-01 7.673016790044581703e-02
6.761555863252370624e-02 3.500753405069481072e-01 4.117492292121268105e-01 7.029533483086108925e-02 1.011558982487291009e-01 1.940191081953917540e-01 1.220317472138465059e-01 1.263202386224547003e-01 8.922601488205811338e-02 2.077422985585410942e-01 9.335310257130256806e-02 2.364947997313611716e-01 7.009107399978904696e-02 1.559804370057649714e-01 7.874223969822723157e-02 1.000000000000000222e+00 3.214929853720310815e-01 6.635526931039908982e-02 2.017250474072068700e-01 1.075207977079686017e-01 1.516507675993267190e-01 3.112931047235023008e-01 7.131146771506760573e-02 9.185508166213671166e-02 4.902014567877622797e-01 5.625316977402131796e-02 1.158661471098794415e-01 3.302950712958035995e-01 1.752323333645367798e-01 1.237913028012438410e-01 8.500880028788024290e-02 1.332327390947078694e-01 1.828013910861060187e-01 3.204779063211768975e-01 1.294406690838793839e-01 2.410535417218835075e-01 3.143579068579212543e-01 2.441173716049897247e-01 2.032492645386163588e-01 2.295970207963967946e-01 3.226316508775178282e-01 9.267149149855974377e-02 7.561652641225347082e-02 2.250578939537321299e-01 9.859839361045460993e-02 7.879773541964923966e-02 3.584674956937072277e-01 6.224604013235306849e-02 1.441895285256977188e-01 1.737045493903101590e-01 4.032119434631804000e-01 2.258769612250172421e-01 1.016504912151142415e-01 2.499676047739710916e-01 9.870542650957661590e-02 2.796798950662685024e-01 9.112638255226690465e-02 7.766546780448153886e-02 1.744195936203201958e-01 1.105266780801838766e-01 2.373169226975641866e-01 2.758124876069181775e-01 2.183247461091229469e-01 2.217245330730605868e-01 2.638234757548633680e-01 2.816482870758458268e-01 8.998481972778935023e-02 2.501140847441322146e-01 1.604201634873198279e-01 2.296177327815690505e-01 4.525563769048390750e-01 6.738648383307666023e-02 7.541573564723777490e-02 9.812928688456834525e-02 5.496964595590910635e-02 2.845132687088923196e-01
5.700188153129084889e-02 2.742074944994365993e-01 2.616079697143507410e-01 6.115720395426040012e-02 7.800619748327634884e-02 3.082635175886804801e-01 6.688461322752616012e-02 4.880258746182281060e-02 6.084989288065317109e-02 2.241601870787353068e-01 5.414418108369428717e-02 4.472039454123486468e-01 6.400822688128669780e-02 8.617254687517711398e-02 6.267136069033880930e-02 3.214929853720310815e-01 1.000000000000000000e+00 5.345836430561113489e-02 2.047864721161180013e-01 1.157209216427891874e-01 1.631011321384654433e-01 1.806520509357120996e-01 6.341928758759053653e-02 7.037338617666920315e-02 3.251743729918457615e-01 4.132297292368503072e-02 2.087882460736400769e-01 3.536365276842394212e-01 1.780799425435466155e-01 7.986962941332327592e-02 6.105750761309446800e-02 5.327781147718699956e-02 1.581826732406656499e-01 2.368288356472561251e-01 9.250614476479351866e-02 2.879274286007685868e-01 2.187935378305204126e-01 2.986471256868888924e-01 3.081836981585645008e-01 1.653439343148846163e-01 1.719484947429104071e-01 7.614491823716861008e-02 5.177811958072815052e-02 1.994433274278759050e-01 8.246565814071982192e-02 4.748170872568693857e-02 2.753889335832504504e-01 5.401060442969933539e-02 1.371102536260440097e-01 1.229546592135857541e-01 2.887921091449083821e-01 1.683408505472306083e-01 5.714275251713490239e-02 1.617967401070415367e-01 7.621701180386272756e-02 2.950333689772433599e-01 6.496117030938658443e-02 8.582230135208200605e-02 4.893141463966340504e-02 5.082789160413123813e-02 3.994722974164811591e-01 2.037034379800051198e-01 2.088662713983072128e-01 2.806818014517515336e-01 4.310724920263988569e-01 4.582029897964404741e-01 4.354219073858456995e-02 2.019746790533215319e-01 1.326497542155397613e-01 1.384054894572024630e-01 3.316511952877306824e-01 5.091948551175626281e-02 6.764129762504197951e-02 8.294904129321942210e-02 4.539474436462719725e-02 4.221920995777146413e-01
3.876609395608483499e-01 6.952987190782654314e-02 5.892246855349032864e-02 4.425359087805865177e-01 2.396249750990147032e-01 6.740126103397267587e-02 4.786950175823317388e-01 3.518270767721609626e-01 2.622254693483277443e-01 8.210823437259470725e-02 2.655137447769734260e-01 4.563038640139640417e-02 3.212240672154080823e-01 2.453429987544062663e-01 3.118471904595419009e-01 6.635526931039908982e-02 5.345836430561113489e-02 1.000000000000000222e+00 1.035493607577490927e-01 5.553192827478850568e-02 6.543162097938613753e-02 7.005089193415554860e-02 4.177762842260848153e-01 2.688826694756702440e-01 8.484312077700033317e-02 3.657154992944748884e-01 7.186366100448229877e-02 5.538892215615139059e-02 6.177749356013347015e-02 2.685877114281435829e-01 3.163532889197099296e-01 4.020710430115585488e-01 5.240345561898880622e-02 7.113053553446714583e-02 2.535394725515433545e-01 6.259731207909448314e-02 8.495000584954830181e-02 3.451852116173591278e-02 4.932113709031487464e-02 6.046326239135571545e-02 5.673779331868408077e-02 6.238572134163673094e-02 4.656878803654898591e-01 6.228584977809533546e-02 1.016670179805159585e-01 2.747854994292541209e-01 6.079666623690663241e-02 2.744914189353378497e-01 6.469303354634077519e-02 8.068596433762664777e-02 6.226764176245862259e-02 4.736816992891067918e-02 2.453967500353823883e-01 6.137018223548996315e-02 4.858394761525424155e-01 5.993974984075537554e-02 3.970091195394082062e-02 3.004559302036453050e-01 1.661554018570645108e-01 2.538259207086277502e-01 5.536878567259996553e-02 5.369113438289299656e-02 5.766418544277306796e-02 3.083976395088916869e-02 5.086719690197444993e-02 4.370505685512970223e-02 3.132397502420217750e-01 1.426001369663141838e-01 6.542080858206635041e-02 7.961941487302955089e-02 6.843728053424739943e-02 3.376522738384834521e-01 3.531773495720266776e-01 3.554062063478226619e-01 2.067958701356739093e-01 5.594918960921414081e-02
9.860647506680873808e-02 1.911419842069711217e-01 2.258950392375819183e-01 1.285279075807599092e-01 1.319243362060706637e-01 1.917321277194544427e-01 9.790610203043881299e-02 1.143034798651985234e-01 1.174124847362194024e-01 2.438007592819073088e-01 1.343423709767343488e-01 2.478721235089401953e-01 1.814822082809448567e-01 1.331681836884938963e-01 1.242104726068718190e-01 2.017250474072068700e-01 2.047864721161180013e-01 1.035493607577490927e-01 1.000000000000000000e+00 1.301045487024520830e-01 1.538233303967403154e-01 1.311084675199609140e-01 1.311634747504142329e-01 1.275055201299128138e-01 1.906616520070457121e-01 1.320063009434385981e-01 1.956711188065494711e-01 1.463256496987629940e-01 2.018330212849942518e-01 1.095360445995902099e-01 1.386962052399138556e-01 1.283222741236134945e-01 1.835112419672101647e-01 2.158537486479329970e-01 1.547787541816819379e-01 1.874593010315089014e-01 2.142776547960012767e-01 1.115703891353529709e-01 1.281714476644352230e-01 1.765820478205392674e-01 1.685993368594829456e-01 1.360853693780671170e-01 1.551649037786819174e-01 2.452805848281704171e-01 1.485204555663737769e-01 1.456765736624845708e-01 1.605237338084044008e-01 1.680833074680042338e-01 1.660426484693670324e-01 2.452829363503436777e-01 2.436479697891311691e-01 1.620629242687492144e-01 1.200776984111738832e-01 3.510456043505186252e-01 8.590269801187451482e-02 2.014178931441811815e-01 1.338065251227536501e-01 1.345738766750091131e-01 1.263510703310174454e-01 1.085516827322142580e-01 1.885393438402772348e-01 1.465787230658594786e-01 1.603480758430121389e-01 1.216977769032810131e-01 1.762885273366810446e-01 1.965608380717762949e-01 1.349360001665665942e-01 2.595284484051006424e-01 1.965454643273735480e-01 2.400860587390370449e-01 1.677447409470047834e-01 1.290099174290109119e-01 1.617943948219312256e-01 1.072107094643338088e-01 1.256072453764042474e-01 2.448368000284350809e-01
5.711846105468407209e-02 1.055406060796857393e-01 1.061357141900828027e-01 5.533293881005187098e-02 5.100341959464673586e-02 9.021373163704968223e-02 4.895910233401822714e-02 4.836669509653714755e-02 5.649281445889386966e-02 1.550332515413557766e-01 6.377477963807820505e-02 9.239891552243456596e-02 7.105880432323463669e-02 5.686811374191496488e-02 4.893818390693123466e-02 1.075207977079686017e-01 1.157209216427891874e-01 5.553192827478850568e-02 1.301045487024520830e-01 1.000000000000000000e+00 1.931439105077775720e-01 1.441191870372155459e-01 7.191501038728760620e-02 6.200567774010262712e-02 1.168841084676339598e-01 5.504956912715178174e-02 6.715685874915014453e-02 1.209340744336293016e-01 1.397048332344342780e-01 5.574539037184694096e-02 6.868878132715146301e-02 5.313558295146699612e-02 5.059055235374348980e-02 1.323895680732820601e-01 5.362305813293465062e-02 1.469556005384011210e-01 7.721034790397085512e-02 1.069991582474302816e-01 1.137898202517713814e-01 8.784927325247003649e-02 8.440788311786612264e-02 6.388103163517865057e-02 6.643795230655943906e-02 1.078827406581855802e-01 1.247402886626831631e-01 6.235966677421381915e-02 1.062589308816811740e-01 6.863178408276277009e-02 3.657475038068804807e-01 1.226414650134414058e-01 1.597676191358591569e-01 1.350034377335849467e-01 5.630144150995029795e-02 1.052115773997987086e-01 6.192775190806064367e-02 1.448984080931702556e-01 4.544704848067298436e-02 7.978636233046247639e-02 5.425217646543825656e-02 4.753103334760858112e-02 7.992730683215103216e-02 8.858205705813475273e-02 1.641929589131103095e-01 1.202824547352867451e-01 1.070855132050713143e-01 1.034936373266776843e-01 5.389291439856008087e-02 1.171922828115054827e-01 2.670760067408018412e-01 1.058315833396543115e-01 9.964992176901975307e-02 5.848161565701317371e-02 6.233740902028481884e-02 5.863341493130661691e-02 4.575711763644042113e-02 9.802333131047315240e-02
7.509613362652541035e-02 2.074772150846256047e-01 2.075945380530323237e-01 1.087680863273171317e-01 6.777375892646139710e-02 9.816978674385185011e-02 7.784771939455265022e-02 5.883139093567740091e-02 5.151653408877767543e-02 2.020378101735086640e-01 7.162535026594714360e-02 1.204430316182065058e-01 7.847921918171403555e-02 7.086598345530079057e-02 5.632469922595317174e-02 1.516507675993267190e-01 1.631011321384654433e-01 6.543162097938613753e-02 1.538233303967403154e-01 1.931439105077775720e-01 1.000000000000000000e+00 1.254879846108812591e-01 7.394588621598900680e-02 1.093327484310034625e-01 2.123918006872478059e-01 7.541787684543024839e-02 7.189076293730946310e-02 1.695628316274175873e-01 1.652314379303632397e-01 8.476078878184048482e-02 7.705802101717747210e-02 7.692746356416492459e-02 6.533212658303615139e-02 1.503763914621448761e-01 8.513392466850029650e-02 1.490498388778480066e-01 1.712428061898114973e-01 2.037040583495173252e-01 1.379268508916352554e-01 1.227371697312855808e-01 1.142137027036745356e-01 5.645090573644847426e-02 7.395895903846466668e-02 1.427790719505545036e-01 2.081067312151138604e-01 1.272434277912906087e-01 1.681498011796781211e-01 9.047961442568432100e-02 1.298679406613955090e-01 1.356005917426818530e-01 1.877838090620708444e-01 1.550391639120370091e-01 6.558947771721297670e-02 1.512543799144996093e-01 7.798811445300558864e-02 1.829795804405593973e-01 5.527712515018912837e-02 9.861597507357160175e-02 5.684287134278378367e-02 7.712120811897767159e-02 1.661000329096520844e-01 1.326232401432727304e-01 1.729945482019362435e-01 1.745885050185862208e-01 1.379791543539940490e-01 1.642477459640519499e-01 6.140570342998675352e-02 1.371431545817430597e-01 1.936612648111599166e-01 1.091696027119824081e-01 1.355612101381497570e-01 6.403645559923624997e-02 8.934312299448964045e-02 6.960600882205310314e-02 6.196370925543832897e-02 1.234154263122039102e-01
