1.000000000000000222e+00 8.891370969019599113e-02 2.237995346856192780e-01 5.442966050170473524e-01 5.091089123430033725e-01 5.887098120296290205e-01 8.273860241558695927e-01 2.869666263323075728e-01 2.216966815124605528e-01 6.234312834031123796e-01 3.169613770888135562e-01 5.345697880411294234e-01 7.403213863550877072e-01 4.752085784279985736e-01 4.800245105048568939e-01 3.064238253435919157e-01 6.403449237633979108e-01 1.226660459224203636e-01 1.479799398504230978e-01 5.480923802342885232e-01 4.886214783124122052e-01 1.548168629106666527e-02 1.297048516208103852e-01 3.632702057175850041e-01 8.438490025993723442e-01 2.339037963237479770e-02 2.733113894010345546e-01 5.698098305679990538e-01
8.891370969019599113e-02 1.000000000000000000e+00 1.296479232435902296e-01 1.009954406603310179e-01 8.356457202910654025e-02 1.236234620810914842e-01 9.065795621731378984e-02 1.206392084782520191e-01 9.872771521121473381e-02 1.260784528804543281e-01 1.105961315589797239e-01 1.011894924215519520e-01 8.230475906677917064e-02 1.144130621374423451e-01 1.107092818445406246e-01 9.988619454646699425e-02 1.000563872794270615e-01 7.817120772557692443e-02 7.248296004735037268e-02 1.022006531304550242e-01 1.107866549821675817e-01 4.672868395322220259e-02 9.865559567028563126e-02 1.365024428638243748e-01 1.061503209736261444e-01 2.871553575921801521e-02 1.101881660271297747e-01 1.030435603096072905e-01
2.237995346856192780e-01 1.296479232435902296e-01 1.000000000000000222e+00 2.602020571631539214e-01 2.061281093685991828e-01 2.591784928544963451e-01 2.223337087422606606e-01 3.482912966534953414e-01 3.248541804454314619e-01 3.194988023788407072e-01 2.885114167640988603e-01 2.698996466143773199e-01 2.018479468761779638e-01 3.278313807947916270e-01 2.786034622549180551e-01 2.402218069387887234e-01 2.604744353371175047e-01 1.850100882955546255e-01 2.031947246950383534e-01 2.692980315355944509e-01 2.931045777072682768e-01 5.697687211560527321e-02 1.515619827640311279e-01 2.732699303521217704e-01 2.740574803826064665e-01 4.563278383408749667e-02 2.668594940055707965e-01 2.642949740503602318e-01
5.442966050170473524e-01 1.009954406603310179e-01 2.602020571631539214e-01 1.000000000000000222e+00 3.109311774764426661e-01 3.745279440284790540e-01 3.589773308839196986e-01 3.285438498431688115e-01 2.394001989866592073e-01 4.842072148160642131e-01 3.365653227389165947e-01 4.642715079812275714e-01 3.438693474264932770e-01 4.679494176334424993e-01 4.551165143338984920e-01 3.454802102045519407e-01 3.473682805993454359e-01 1.443993436859433988e-01 1.774176089843997328e-01 4.699888532441306443e-01 5.130475044479526625e-01 1.748995701367168573e-02 1.296383052128128599e-01 3.761406911825950772e-01 4.953301391952570909e-01 2.627807955421011116e-02 2.958288857147265416e-01 4.996236632970739722e-01
5.091089123430033725e-01 8.356457202910654025e-02 2.061281093685991828e-01 3.109311774764426661e-01 1.000000000000000000e+00 4.510414166504884692e-01 5.783178420231805950e-01 3.502047116278218519e-01 2.057294429400672586e-01 5.168560340273889997e-01 3.160751982945789740e-01 4.374597520770703296e-01 5.667569280828763656e-01 4.250728865746511431e-01 4.141266897512269063e-01 3.086535165451020357e-01 5.046750209696462264e-01 1.070499755289318761e-01 1.315438546422011967e-01 3.864827031730708740e-01 4.777775757915980748e-01 6.645197661841024950e-03 1.332664245272281167e-01 3.447755906350740696e-01 5.190513070005805529e-01 6.321823543520066480e-03 2.693923892529803132e-01 4.768985029808585074e-01
5.887098120296290205e-01 1.236234620810914842e-01 2.591784928544963451e-01 3.745279440284790540e-01 4.510414166504884692e-01 1.000000000000000000e+00 6.059499787469768695e-01 3.455761690543474041e-01 2.708478618342392008e-01 5.772257446275809167e-01 3.681749165761670772e-01 4.524946450646200047e-01 5.697146137812622024e-01 4.709951747455102256e-01 5.180737390343165272e-01 3.677198270771270816e-01 6.120920773009997928e-01 1.426807295130388398e-01 1.642567257337171072e-01 4.649663332880080713e-01 5.253489005160131287e-01 7.092598209878443923e-03 1.721624583452056878e-01 3.919000086072755851e-01 6.426188487930405424e-01 1.631216608909887358e-02 3.383403697222479578e-01 4.814594264047440952e-01
8.273860241558695927e-01 9.065795621731378984e-02 2.223337087422606606e-01 3.589773308839196986e-01 5.783178420231805950e-01 6.059499787469768695e-01 1.000000000000000000e+00 2.842053434593316830e-01 2.238533266667618316e-01 6.707024465391298040e-01 3.166862734349276121e-01 4.942911303447115046e-01 8.810811267472304920e-01 4.742990187923591394e-01 4.422167176911869779e-01 2.869864182089713611e-01 6.389968629263763633e-01 1.096133184120831328e-01 1.321034357007166704e-01 4.500991880235353237e-01 5.654609003725181715e-01 1.237796254869487009e-02 1.350224646453239419e-01 3.054386405477740873e-01 7.757415710753151616e-01 1.392898181417022083e-02 2.712809401289389966e-01 5.899209180913824735e-01
2.869666263323075728e-01 1.206392084782520191e-01 3.482912966534953414e-01 3.285438498431688115e-01 3.502047116278218519e-01 3.455761690543474041e-01 2.842053434593316830e-01 1.000000000000000222e+00 2.770794377903344485e-01 4.106199210607593963e-01 5.629995970206955747e-01 3.596270557343357877e-01 2.611754596139574947e-01 4.023319309346229389e-01 3.584858431185578009e-01 3.124728432982856186e-01 3.379777531962560033e-01 1.638516439918248635e-01 1.821490601064519044e-01 3.657576156810675161e-01 3.787040913307559986e-01 6.659451691160300779e-02 1.738059821374585145e-01 3.618667635661642623e-01 3.620022849468625958e-01 3.502598044617407508e-02 3.222990831189596062e-01 3.534404430869563241e-01
2.216966815124605528e-01 9.872771521121473381e-02 3.248541804454314619e-01 2.394001989866592073e-01 2.057294429400672586e-01 2.708478618342392008e-01 2.238533266667618316e-01 2.770794377903344485e-01 1.000000000000000222e+00 3.190531324833952298e-01 2.792052526505638954e-01 2.620057810996488379e-01 2.032275476566083039e-01 2.785687716223989585e-01 2.620788619054605917e-01 2.416840706093647817e-01 2.756531389523366737e-01 1.434521931062034406e-01 1.812258889751219015e-01 2.630727443382847031e-01 2.900177104729375621e-01 2.701934439997189658e-02 2.049908012899843701e-01 2.912432214721847878e-01 2.826140526401266784e-01 5.509377439324465026e-02 2.682225224138026776e-01 2.737030550838351894e-01
6.234312834031123796e-01 1.260784528804543281e-01 3.194988023788407072e-01 4.842072148160642131e-01 5.168560340273889997e-01 5.772257446275809167e-01 6.707024465391298040e-01 4.106199210607593963e-01 3.190531324833952298e-01 1.000000000000000000e+00 4.678977824232202765e-01 5.553844443707974809e-01 6.301101292684504473e-01 5.818050412378501512e-01 5.434660365605489263e-01 4.170665909381358616e-01 5.712273318792615573e-01 1.583559562445447655e-01 2.002951388147680700e-01 5.841041252844511034e-01 6.879166139193704232e-01 6.832120034965634241e-03 1.747572627378836119e-01 4.189877607657643832e-01 7.065639947889107431e-01 6.748604426844850325e-03 4.071778251433725293e-01 6.005261196318977257e-01
3.169613770888135562e-01 1.105961315589797239e-01 2.885114167640988603e-01 3.365653227389165947e-01 3.160751982945789740e-01 3.681749165761670772e-01 3.166862734349276121e-01 5.629995970206955747e-01 2.792052526505638954e-01 4.678977824232202765e-01 1.000000000000000222e+00 4.047842691104545088e-01 2.875068942910941061e-01 4.181401174633127549e-01 3.723617451480539797e-01 3.454276925592479341e-01 3.819254527813889522e-01 1.492162992719816283e-01 2.475139866706217440e-01 4.246364848159999150e-01 4.390954744965505085e-01 1.947943331663727282e-02 1.617710074339893944e-01 3.637667135162007681e-01 4.122801752972503619e-01 2.238654073298626188e-02 4.512659360198386649e-01 4.017037224877343937e-01
5.345697880411294234e-01 1.011894924215519520e-01 2.698996466143773199e-01 4.642715079812275714e-01 4.374597520770703296e-01 4.524946450646200047e-01 4.942911303447115046e-01 3.596270557343357877e-01 2.620057810996488379e-01 5.553844443707974809e-01 4.047842691104545088e-01 1.000000000000000222e+00 4.556436702811100248e-01 6.949735331418018802e-01 6.445617171061149842e-01 5.010123222786865282e-01 4.726148198416658119e-01 1.427782649238516222e-01 1.768333783551469807e-01 5.759770882457341257e-01 6.584076330191953597e-01 2.492432601401160450e-02 1.755114006318373165e-01 4.920612942806315560e-01 5.858257797933617006e-01 8.630609722059933570e-03 3.328279386857788680e-01 6.941036363839310219e-01
7.403213863550877072e-01 8.230475906677917064e-02 2.018479468761779638e-01 3.438693474264932770e-01 5.667569280828763656e-01 5.697146137812622024e-01 8.810811267472304920e-01 2.611754596139574947e-01 2.032275476566083039e-01 6.301101292684504473e-01 2.875068942910941061e-01 4.556436702811100248e-01 1.000000000000000000e+00 4.488607471806917992e-01 4.389942749881178830e-01 2.818055376628739173e-01 5.846192708570820962e-01 9.951357982073830155e-02 1.199314643844218153e-01 4.125119775260960298e-01 5.463558940624028137e-01 1.123746075706683924e-02 1.244998397650962929e-01 2.822738556924501152e-01 7.153532073110799860e-01 1.264556956824365412e-02 2.462851949055690493e-01 5.916640619296652526e-01
4.752085784279985736e-01 1.144130621374423451e-01 3.278313807947916270e-01 4.679494176334424993e-01 4.250728865746511431e-01 4.709951747455102256e-01 4.742990187923591394e-01 4.023319309346229389e-01 2.785687716223989585e-01 5.818050412378501512e-01 4.181401174633127549e-01 6.949735331418018802e-01 4.488607471806917992e-01 1.000000000000000000e+00 5.812837420670152744e-01 4.656120913576716758e-01 4.755014887706007221e-01 1.601604137309399489e-01 1.962084568245821559e-01 5.201462464855033385e-01 7.576379483447571728e-01 1.277871358310839374e-02 1.942326879167827758e-01 5.079548368526162205e-01 5.171354552686437955e-01 1.707548337510004025e-02 3.605777287964194167e-01 6.256073397502963651e-01
4.800245105048568939e-01 1.107092818445406246e-01 2.786034622549180551e-01 4.551165143338984920e-01 4.141266897512269063e-01 5.180737390343165272e-01 4.422167176911869779e-01 3.584858431185578009e-01 2.620788619054605917e-01 5.434660365605489263e-01 3.723617451480539797e-01 6.445617171061149842e-01 4.389942749881178830e-01 5.812837420670152744e-01 1.000000000000000000e+00 4.192161924058771527e-01 5.809089470479036343e-01 1.405539752718499569e-01 1.798228332997089118e-01 5.106160255990183083e-01 6.121259974208074217e-01 8.269658973043674324e-03 1.809617688047699957e-01 5.089368705279520011e-01 5.199203371685925390e-01 1.353267096836417889e-02 3.212455519634949130e-01 5.247360263082091469e-01
3.064238253435919157e-01 9.988619454646699425e-02 2.402218069387887234e-01 3.454802102045519407e-01 3.086535165451020357e-01 3.677198270771270816e-01 2.869864182089713611e-01 3.124728432982856186e-01 2.416840706093647817e-01 4.170665909381358616e-01 3.454276925592479341e-01 5.010123222786865282e-01 2.818055376628739173e-01 4.656120913576716758e-01 4.192161924058771527e-01 1.000000000000000000e+00 3.922111327601705555e-01 1.215936561803667576e-01 1.588119629885114958e-01 3.835917494939287131e-01 4.068975844821936527e-01 1.227121485210837942e-02 1.992741722086796008e-01 4.294487247298608423e-01 3.736916817614004405e-01 1.252668442375015970e-02 2.837066369324059978e-01 3.864038534228805832e-01
6.403449237633979108e-01 1.000563872794270615e-01 2.604744353371175047e-01 3.473682805993454359e-01 5.046750209696462264e-01 6.120920773009997928e-01 6.389968629263763633e-01 3.379777531962560033e-01 2.756531389523366737e-01 5.712273318792615573e-01 3.819254527813889522e-01 4.726148198416658119e-01 5.846192708570820962e-01 4.755014887706007221e-01 5.809089470479036343e-01 3.922111327601705555e-01 1.000000000000000000e+00 1.297150374733894163e-01 1.793226749476463933e-01 5.349861820125849654e-01 5.116914824319849231e-01 1.071164878427392775e-02 1.843224475313665900e-01 4.542758184130757382e-01 6.714821550963366859e-01 8.410846379723174379e-03 3.182234413252967298e-01 4.816841197812040121e-01
1.226660459224203636e-01 7.817120772557692443e-02 1.850100882955546255e-01 1.443993436859433988e-01 1.070499755289318761e-01 1.426807295130388398e-01 1.096133184120831328e-01 1.638516439918248635e-01 1.434521931062034406e-01 1.583559562445447655e-01 1.492162992719816283e-01 1.427782649238516222e-01 9.951357982073830155e-02 1.601604137309399489e-01 1.405539752718499569e-01 1.215936561803667576e-01 1.297150374733894163e-01 1.000000000000000000e+00 2.803367773210838632e-01 1.387451221818224723e-01 1.547743569243343331e-01 7.601580436729987733e-02 8.548199001660845842e-02 1.426626314462947909e-01 1.373630643265247864e-01 2.526378415639677494e-02 1.708290152175540866e-01 1.372895381401921522e-01
1.479799398504230978e-01 7.248296004735037268e-02 2.031947246950383534e-01 1.774176089843997328e-01 1.315438546422011967e-01 1.642567257337171072e-01 1.321034357007166704e-01 1.821490601064519044e-01 1.812258889751219015e-01 2.002951388147680700e-01 2.475139866706217440e-01 1.768333783551469807e-01 1.199314643844218153e-01 1.962084568245821559e-01 1.798228332997089118e-01 1.588119629885114958e-01 1.793226749476463933e-01 2.803367773210838632e-01 1.000000000000000000e+00 1.741621792012462422e-01 1.864672877623866354e-01 3.529180614288797424e-02 8.353126982596115191e-02 1.775823467318835003e-01 1.687477312149137654e-01 2.579178024530189711e-02 2.061473422086778917e-01 1.659878053745187654e-01
5.480923802342885232e-01 1.022006531304550242e-01 2.692980315355944509e-01 4.699888532441306443e-01 3.864827031730708740e-01 4.649663332880080713e-01 4.500991880235353237e-01 3.657576156810675161e-01 2.630727443382847031e-01 5.841041252844511034e-01 4.246364848159999150e-01 5.759770882457341257e-01 4.125119775260960298e-01 5.201462464855033385e-01 5.106160255990183083e-01 3.835917494939287131e-01 5.349861820125849654e-01 1.387451221818224723e-01 1.741621792012462422e-01 1.000000000000000000e+00 5.238429571371582272e-01 4.179690521496981677e-03 1.619428695684576036e-01 4.627031792533810028e-01 6.079344258343566398e-01 2.581286561746504258e-03 3.472150228521304616e-01 5.663455050012945469e-01
4.886214783124122052e-01 1.107866549821675817e-01 2.931045777072682768e-01 5.130475044479526625e-01 4.777775757915980748e-01 5.253489005160131287e-01 5.654609003725181715e-01 3.787040913307559986e-01 2.900177104729375621e-01 6.879166139193704232e-01 4.390954744965505085e-01 6.584076330191953597e-01 5.463558940624028137e-01 7.576379483447571728e-01 6.121259974208074217e-01 4.068975844821936527e-01 5.116914824319849231e-01 1.547743569243343331e-01 1.864672877623866354e-01 5.238429571371582272e-01 1.000000000000000000e+00 7.068040772524447450e-03 1.698232020555246746e-01 4.430555201843605628e-01 5.672769271916997535e-01 4.826610621716406931e-03 3.787197624682945296e-01 6.530625341242638493e-01
1.548168629106666527e-02 4.672868395322220259e-02 5.697687211560527321e-02 1.748995701367168573e-02 6.645197661841024950e-03 7.092598209878443923e-03 1.237796254869487009e-02 6.659451691160300779e-02 2.701934439997189658e-02 6.832120034965634241e-03 1.947943331663727282e-02 2.492432601401160450e-02 1.123746075706683924e-02 1.277871358310839374e-02 8.269658973043674324e-03 1.227121485210837942e-02 1.071164878427392775e-02 7.601580436729987733e-02 3.529180614288797424e-02 4.179690521496981677e-03 7.068040772524447450e-03 1.000000000000000000e+00 7.934383726568851325e-02 2.645035522345944717e-02 8.922297489249718036e-03 2.985617359263050344e-02 1.067496849405768222e-01 3.720496466589347934e-02
1.297048516208103852e-01 9.865559567028563126e-02 1.515619827640311279e-01 1.296383052128128599e-01 1.332664245272281167e-01 1.721624583452056878e-01 1.350224646453239419e-01 1.738059821374585145e-01 2.049908012899843701e-01 1.747572627378836119e-01 1.617710074339893944e-01 1.755114006318373165e-01 1.244998397650962929e-01 1.942326879167827758e-01 1.809617688047699957e-01 1.992741722086796008e-01 1.843224475313665900e-01 8.548199001660845842e-02 8.353126982596115191e-02 1.619428695684576036e-01 1.698232020555246746e-01 7.934383726568851325e-02 1.000000000000000000e+00 2.217168580287561530e-01 1.567478285195100240e-01 3.818477300872822472e-02 1.519555213237888114e-01 1.756025294833833683e-01
3.632702057175850041e-01 1.365024428638243748e-01 2.732699303521217704e-01 3.761406911825950772e-01 3.447755906350740696e-01 3.919000086072755851e-01 3.054386405477740873e-01 3.618667635661642623e-01 2.912432214721847878e-01 4.189877607657643832e-01 3.637667135162007681e-01 4.920612942806315560e-01 2.822738556924501152e-01 5.079548368526162205e-01 5.089368705279520011e-01 4.294487247298608423e-01 4.542758184130757382e-01 1.426626314462947909e-01 1.775823467318835003e-01 4.627031792533810028e-01 4.430555201843605628e-01 2.645035522345944717e-02 2.217168580287561530e-01 1.000000000000000000e+00 4.106685256102658443e-01 4.352283171417123397e-02 2.933695030366786916e-01 4.054507806454967778e-01
8.438490025993723442e-01 1.061503209736261444e-01 2.740574803826064665e-01 4.953301391952570909e-01 5.190513070005805529e-01 6.426188487930405424e-01 7.757415710753151616e-01 3.620022849468625958e-01 2.826140526401266784e-01 7.065639947889107431e-01 4.122801752972503619e-01 5.858257797933617006e-01 7.153532073110799860e-01 5.171354552686437955e-01 5.199203371685925390e-01 3.736916817614004405e-01 6.714821550963366859e-01 1.373630643265247864e-01 1.687477312149137654e-01 6.079344258343566398e-01 5.672769271916997535e-01 8.922297489249718036e-03 1.567478285195100240e-01 4.106685256102658443e-01 1.000000000000000222e+00 1.118504205851187858e-02 3.529652039197985203e-01 6.357208923597359451e-01
2.339037963237479770e-02 2.871553575921801521e-02 4.563278383408749667e-02 2.627807955421011116e-02 6.321823543520066480e-03 1.631216608909887358e-02 1.392898181417022083e-02 3.502598044617407508e-02 5.509377439324465026e-02 6.748604426844850325e-03 2.238654073298626188e-02 8.630609722059933570e-03 1.264556956824365412e-02 1.707548337510004025e-02 1.353267096836417889e-02 1.252668442375015970e-02 8.410846379723174379e-03 2.526378415639677494e-02 2.579178024530189711e-02 2.581286561746504258e-03 4.826610621716406931e-03 2.985617359263050344e-02 3.818477300872822472e-02 4.352283171417123397e-02 1.118504205851187858e-02 1.000000000000000222e+00 1.917081212173269919e-02 1.269441556709715799e-02
2.733113894010345546e-01 1.101881660271297747e-01 2.668594940055707965e-01 2.958288857147265416e-01 2.693923892529803132e-01 3.383403697222479578e-01 2.712809401289389966e-01 3.222990831189596062e-01 2.682225224138026776e-01 4.071778251433725293e-01 4.512659360198386649e-01 3.328279386857788680e-01 2.462851949055690493e-01 3.605777287964194167e-01 3.212455519634949130e-01 2.837066369324059978e-01 3.182234413252967298e-01 1.708290152175540866e-01 2.061473422086778917e-01 3.472150228521304616e-01 3.787197624682945296e-01 1.067496849405768222e-01 1.519555213237888114e-01 2.933695030366786916e-01 3.529652039197985203e-01 1.917081212173269919e-02 1.000000000000000000e+00 3.634907237256033707e-01
5.698098305679990538e-01 1.030435603096072905e-01 2.642949740503602318e-01 4.996236632970739722e-01 4.768985029808585074e-01 4.814594264047440952e-01 5.899209180913824735e-01 3.534404430869563241e-01 2.737030550838351894e-01 6.005261196318977257e-01 4.017037224877343937e-01 6.941036363839310219e-01 5.916640619296652526e-01 6.256073397502963651e-01 5.247360263082091469e-01 3.864038534228805832e-01 4.816841197812040121e-01 1.372895381401921522e-01 1.659878053745187654e-01 5.663455050012945469e-01 6.530625341242638493e-01 3.720496466589347934e-02 1.756025294833833683e-01 4.054507806454967778e-01 6.357208923597359451e-01 1.269441556709715799e-02 3.634907237256033707e-01 1.000000000000000000e+00
