1.000000000000000222e+00 1.063671941992238579e-01 6.975710162884294352e-01 1.513684016785861453e-01 1.655666124350717860e-01 5.019487078311408307e-02 1.059353220222597758e-01 8.608110410084920949e-02 1.420781706805971101e-01 1.163570067355423066e-01 8.348731125497919903e-02
1.063671941992238579e-01 1.000000000000000000e+00 7.407682111298337368e-02 7.346294457652735588e-02 9.490323492479083023e-02 1.198809357424580890e-01 1.826149183401516163e-01 1.402206608401221355e-01 1.122384353527552947e-01 4.948408901455167430e-02 5.803613922023358879e-02
6.975710162884294352e-01 7.407682111298337368e-02 1.000000000000000000e+00 1.301986017166149312e-01 1.438378304529490115e-01 5.151380557751901457e-02 8.720073145605386489e-02 7.553720908421851510e-02 1.195424505887032890e-01 1.142478157320283294e-01 7.124939054207372890e-02
1.513684016785861453e-01 7.346294457652735588e-02 1.301986017166149312e-01 1.000000000000000000e+00 2.005383683962750907e-01 5.632450850494018224e-02 1.052430730109891743e-01 6.781037992909760836e-02 1.530022089715224742e-01 2.989264620470855061e-01 5.651513867351708187e-02
1.655666124350717860e-01 9.490323492479083023e-02 1.438378304529490115e-01 2.005383683962750907e-01 1.000000000000000000e+00 6.900804253411123301e-02 1.074897979357048172e-01 4.130261407745563357e-02 2.293464262305417167e-01 8.921275231761005564e-02 5.904286727964717929e-02
5.019487078311408307e-02 1.198809357424580890e-01 5.151380557751901457e-02 5.632450850494018224e-02 6.900804253411123301e-02 1.000000000000000222e+00 8.609238650694632511e-02 5.158127024803699917e-02 9.946352888733535347e-02 4.869700103719350193e-02 5.742843313583508719e-02
1.059353220222597758e-01 1.826149183401516163e-01 8.720073145605386489e-02 1.052430730109891743e-01 1.074897979357048172e-01 8.609238650694632511e-02 1.000000000000000222e+00 1.248888461794156746e-01 1.452493902158605299e-01 7.114187361771705242e-02 8.781139478808380749e-02
8.608110410084920949e-02 1.402206608401221355e-01 7.553720908421851510e-02 6.781037992909760836e-02 4.130261407745563357e-02 5.158127024803699917e-02 1.248888461794156746e-01 1.000000000000000222e+00 1.552128669910081971e-01 5.729176945380846930e-02 1.776468961495639987e-01
1.420781706805971101e-01 1.122384353527552947e-01 1.195424505887032890e-01 1.530022089715224742e-01 2.293464262305417167e-01 9.946352888733535347e-02 1.452493902158605299e-01 1.552128669910081971e-01 1.000000000000000222e+00 1.070937383185864428e-01 1.161907559062267392e-01
1.163570067355423066e-01 4.948408901455167430e-02 1.142478157320283294e-01 2.989264620470855061e-01 8.921275231761005564e-02 4.869700103719350193e-02 7.114187361771705242e-02 5.729176945380846930e-02 1.070937383185864428e-01 1.000000000000000222e+00 4.791765034623027275e-02
8.348731125497919903e-02 5.803613922023358879e-02 7.124939054207372890e-02 5.651513867351708187e-02 5.904286727964717929e-02 5.742843313583508719e-02 8.781139478808380749e-02 1.776468961495639987e-01 1.161907559062267392e-01 4.791765034623027275e-02 1.000000000000000222e+00
