1.000000000000000222e+00 1.143205544756694114e-01 1.205451371937032168e-01 9.227793769056098772e-02 6.417221445095257215e-02 2.722672233900106514e-02 3.579027973392703843e-01 2.881834959797933693e-01 1.230623499495967221e-01 1.943859709379529288e-01 1.898796552500520429e-01 1.252787002779550407e-01 1.706712377570824835e-01 1.180805199893721763e-01 1.303982388475904697e-01 2.427609751941655902e-01 2.082634813865650303e-01 1.995712556314857000e-01 1.265354102131165392e-01 1.285443129559548092e-01 1.647747189587001337e-01 1.485675319317931453e-01 1.228206163255427807e-01 3.130191362870605176e-01 1.411235373764174184e-01 3.318759298272804248e-01 1.337677575543643749e-01 1.368273006394687408e-01 1.587976303306225523e-01 2.031692001768137523e-01 1.220090060874409604e-01 1.191408166130175222e-01 1.761838962139014031e-01 1.654811102564801018e-01 2.040811215971967685e-01 2.146523849723057376e-01 3.076787837796520764e-01 2.104591229957643583e-01 8.955931902202239614e-02 1.787696837208314349e-01 9.420068456125735290e-02 2.904924060954496290e-01 1.506587167853439269e-01 2.952093036152829419e-02 7.513508037523816685e-02 1.202182373778117597e-01 1.182882373632417744e-01 2.015534680452489846e-01 9.426733082131487362e-02 3.907881869816022258e-01 1.124868135060878988e-01 1.620750059197295923e-01 2.048193883858448194e-01 2.036280883913892947e-01 1.249486066112635435e-01 1.232474249266062583e-01 1.288580288348701308e-01 2.057350936340696934e-01 4.609304321346260891e-02 2.014443370743813078e-01 1.427331478780767826e-01 1.051996222910634993e-01 2.471016814192584787e-01 6.884280574287392207e-02 1.570926475334674666e-01 1.386783732763985644e-01 1.830667516417185114e-01 5.382074632062262831e-02 2.789821451729382895e-01 1.322706004863668516e-01 1.250226214286219439e-01 2.445973839727124954e-01 1.564905147780745742e-01
1.143205544756694114e-01 1.000000000000000000e+00 8.564144229586177770e-02 9.780806477606733551e-02 7.183215441916036836e-02 4.491942647784132048e-02 1.659934264631915679e-01 9.661225912512060032e-02 9.521928866191162188e-02 2.117199442534399290e-01 2.215770475736124345e-01 5.320543182069619181e-01 1.749476554507718162e-01 1.410341791115142518e-01 1.134319253121341964e-01 1.628597099384350710e-01 1.906883414862221571e-01 1.366515336993849583e-01 8.674305213823575722e-02 9.188646763015508034e-02 1.402889532672685347e-01 1.395004316994687410e-01 1.075659876684139371e-01 1.289961727988349072e-01 1.939708986833857951e-01 2.240121102115766871e-01 1.934435406063467755e-01 9.872376285475474578e-02 1.123992066285092462e-01 1.007522746732806423e-01 1.399305745232736764e-01 1.583268815930899964e-01 2.466297224704483426e-01 1.556388650515647398e-01 2.361857015415327610e-01 4.415489441653326630e-02 1.292317055162115758e-01 1.971322985131361838e-01 1.708651463237209067e-01 1.879969720815261591e-01 1.511247052210132891e-01 1.076299877615966433e-01 2.361354080863039828e-01 5.134982562743851953e-02 1.034461793559611487e-01 1.234860040201959525e-01 1.535997909489960900e-01 9.498686885116761069e-02 1.349239431846132042e-01 1.231621380430950874e-01 1.016528219868198524e-01 2.874199023569065092e-01 1.917417262839688774e-01 2.144424250149784550e-01 1.576522653801304963e-01 1.992453277192229588e-01 1.517092125763367660e-01 1.907812390300615557e-01 1.083706749382793988e-01 2.983639598078099420e-01 1.269682237674155667e-01 7.705594839546058006e-02 1.234443625533980099e-01 1.010978484683487111e-01 1.625269337361414101e-01 1.820646984781523758e-01 2.203752789173510362e-01 9.147007774140815395e-02 1.279753700068886335e-01 1.594866479397442638e-01 9.925259062489029394e-02 1.947391443030848657e-01 1.908447917464073662e-01
1.205451371937032168e-01 8.564144229586177770e-02 1.000000000000000000e+00 5.846219765211514013e-02 3.075602007566947266e-02 1.240893660731832819e-02 1.210489178137457433e-01 1.235710909484969422e-01 1.336818776689166210e-01 3.389467043743950025e-01 6.797399635542218654e-02 1.124675305916877088e-01 1.086087160345546587e-01 1.430543397710721254e-01 1.202465557286080677e-01 9.942819926858680046e-02 9.011701392216550643e-02 9.168569443421226151e-02 9.005351788576645977e-02 9.763735800043285562e-02 1.788453288246777961e-01 1.388366811655892263e-01 9.072827932989115107e-02 1.228007796993230150e-01 9.796638434080562341e-02 1.304920227518500675e-01 1.216912472505096848e-01 4.206850631796796858e-01 1.021154759614164992e-01 9.638136004357837627e-02 1.180052694108396499e-01 9.718318273364649762e-02 1.545890905082624445e-01 8.061360298763611820e-02 1.462828499002353511e-01 6.664839589398294240e-02 1.508239239737394488e-01 1.939531679113269402e-01 1.295185085260815439e-01 1.153775823753533519e-01 1.003412649488045205e-01 1.267518336824554892e-01 8.267931165291002304e-02 1.624400907797346819e-02 8.026854993871568311e-02 8.981393234112183821e-02 8.841658814112356157e-02 4.711801424408463418e-02 1.034148261216819437e-01 1.139900010635993416e-01 9.747612236880742742e-02 1.137908190799911123e-01 9.147277398770688184e-02 1.437458549179705669e-01 9.384352685106624181e-02 1.238985444653246532e-01 1.679178144027530517e-01 7.803696113670913204e-02 5.259798932633883567e-02 1.523834579223913854e-01 1.104209157391956575e-01 1.149572237855678303e-01 1.334346398576280179e-01 5.954112402187938802e-02 9.183776610056457179e-02 1.119016633472085104e-01 1.159042131208435633e-01 7.346165475193199013e-02 9.779230043026701513e-02 1.041841264913531684e-01 1.367069560767838754e-01 1.078779000702510954e-01 1.305002550093065650e-01
9.227793769056098772e-02 9.780806477606733551e-02 5.846219765211514013e-02 1.000000000000000222e+00 7.878379386608982959e-02 7.406275296382654194e-02 1.082980956768855030e-01 8.898613950845626897e-02 7.562011660907730359e-02 1.008152261858296372e-01 2.517412553262617370e-01 9.431593717514437369e-02 9.792393505158655809e-02 1.647935107093156659e-01 1.070716732962473938e-01 1.216522569914967183e-01 1.610998763669434786e-01 1.463152010335888598e-01 6.938753131497576998e-02 7.868042185977192071e-02 1.338173362304218017e-01 1.392283882713056808e-01 7.458589979693171224e-02 1.097966636072831570e-01 1.519760811788190003e-01 1.153925004447400593e-01 1.060390089565350219e-01 6.673329948610068341e-02 1.099411078607646919e-01 7.941132285045358896e-02 1.361380773784103548e-01 1.118686802798391916e-01 1.298131226615946987e-01 2.978108947993696742e-01 1.382862740243601118e-01 5.563524258311819404e-02 8.715701152331369050e-02 1.257813388025471879e-01 9.473744295028521667e-02 1.624216016197693735e-01 8.508165839262078756e-02 9.443592911161116654e-02 8.288566130731159221e-02 2.064860944353141478e-02 1.965430157905947994e-01 1.038602596008410123e-01 1.123896970099845655e-01 7.864566206423530270e-02 9.784389506206654652e-02 9.152869498091520395e-02 1.059776712409191135e-01 1.365726397115120672e-01 1.556068260537196435e-01 2.367112174394992441e-01 1.364267191370217291e-01 1.913221318989348496e-01 1.384220449389428620e-01 1.301964046100624051e-01 8.203186353928945684e-02 1.549133806171249239e-01 1.299627950587836367e-01 7.299206105860363281e-02 1.024161915523492811e-01 6.371130261449821364e-02 1.036333418842541598e-01 8.536267443074033179e-02 1.270814356584282767e-01 6.642942982383628903e-02 1.026961163144540223e-01 1.046704005016712707e-01 1.214416372820369960e-01 2.028341355988055317e-01 1.305233980291691520e-01
6.417221445095257215e-02 7.183215441916036836e-02 3.075602007566947266e-02 7.878379386608982959e-02 1.000000000000000222e+00 5.232297835108028206e-02 8.420349581492139746e-02 6.632909637171374717e-02 5.708613827862057954e-02 6.316483496334632242e-02 1.212203768815800775e-01 6.198037677560277320e-02 3.992154498702855936e-02 6.050311750207119227e-02 7.863536850770165565e-02 5.423400007093608782e-02 9.453018258359878467e-02 1.079920979548174842e-01 2.732045346398839086e-02 6.328390722253969536e-02 5.734953186273047260e-02 9.907120989924056431e-02 3.964865690083865107e-02 5.252135183575150357e-02 1.029056448223884535e-01 3.745426411489812674e-02 4.431022794981202134e-02 4.031995139064570993e-02 9.237626744151224145e-02 4.871315650151140930e-02 4.962341676552938646e-02 7.229483465073471837e-02 6.438498326561099827e-02 1.202340800958249800e-01 7.442814823736323970e-02 5.044708914958821039e-02 3.209231254435508662e-02 4.833073606181118032e-02 2.738335327406770173e-02 1.179377034868038104e-01 3.743833976479912784e-02 4.143715433219636451e-02 8.525481073835326773e-02 2.976882641276495239e-02 5.891635168979206250e-02 4.950992966464208556e-02 6.928535975492192134e-02 8.684760920105880078e-02 6.877350326120777735e-02 8.008365643603866657e-02 5.045072537574833010e-02 5.641787586262087678e-02 1.121680223763616424e-01 7.419401972761026365e-02 7.554015882343594057e-02 8.379491044817330425e-02 6.975077751736240284e-02 9.093831854897356515e-02 3.770343741847004271e-02 6.437734191838459519e-02 9.733731245562037004e-02 6.251413012569410899e-02 6.007446188163285267e-02 4.273198059512901131e-02 5.337279346342867214e-02 4.172967549930916425e-02 6.329985866791680571e-02 4.145418736775040303e-02 5.343353817574627435e-02 9.150981993990880969e-02 8.942023816727705243e-02 1.036453381835414356e-01 1.053419919602014559e-01
2.722672233900106514e-02 4.491942647784132048e-02 1.240893660731832819e-02 7.406275296382654194e-02 5.232297835108028206e-02 1.000000000000000222e+00 5.228027353791739329e-02 3.554833325701981656e-02 1.415073195766779895e-02 6.509241342056390489e-02 1.142815505529565095e-01 1.823103025393983320e-02 1.372682891923708744e-02 2.108198831716604979e-02 2.519322898527925556e-02 6.426372598025875682e-02 7.109941684613002577e-02 8.545206514867624559e-02 1.274187738939050116e-02 2.311561813267746027e-02 4.943807200857040091e-02 1.911257044092474003e-02 2.316130774260737046e-02 2.146676799354523338e-02 5.257602903646153153e-02 1.229212499584403373e-02 2.705223779895199812e-02 1.858067677017193400e-02 2.324346979310158365e-02 2.669740312299324209e-02 5.504132568758737798e-02 9.803332143660774267e-02 6.244574875631633132e-02 6.142607128148051820e-02 4.725618824868563217e-02 2.382162019794302477e-02 3.064237215363907127e-02 1.481131182986542526e-02 3.859378622444987333e-02 1.037916635424840084e-01 2.614007690938811163e-02 3.007230046329154027e-02 6.793026011403435760e-02 2.157221752499003525e-02 2.535058455173206521e-02 1.064666534116506628e-02 4.068075912289546847e-02 5.776691633358056049e-02 5.305106435496924344e-02 4.646468839288914882e-02 2.504088372911273536e-02 7.038760791184861532e-02 1.367292086338181833e-01 4.367558670508633195e-02 5.305992989769043461e-02 5.797740866179508512e-02 4.821305658587251436e-02 7.154328574831805843e-02 4.962315346183822362e-02 3.866860999726431242e-02 1.003623322921719518e-01 3.315041799703764142e-02 6.065118840893754353e-03 1.522289744137660973e-02 5.565456405473608037e-02 5.768374162293771895e-02 5.062278415649357904e-02 8.240892549272457041e-03 4.418982730469205727e-02 1.634249113980900531e-02 4.799949207520171762e-02 1.252017382300781578e-01 4.731061937504946191e-02
3.579027973392703843e-01 1.659934264631915679e-01 1.210489178137457433e-01 1.082980956768855030e-01 8.420349581492139746e-02 5.228027353791739329e-02 1.000000000000000222e+00 2.735652522587007640e-01 1.371395720403641161e-01 2.747322777526241544e-01 2.489594856198427963e-01 2.269566506399822159e-01 1.985627090455082122e-01 1.946881103822001025e-01 1.669060097945558041e-01 2.995326928938826794e-01 2.957825482761162750e-01 2.518555103175169063e-01 1.737446710764911362e-01 2.234435097753178778e-01 3.230213010637652538e-01 2.526980616980420979e-01 1.437263431271698644e-01 2.666878075477088772e-01 2.116014934143540249e-01 2.690261106685736814e-01 2.610580133540809089e-01 1.522920732592662196e-01 1.965173839348584861e-01 1.906597324087104528e-01 1.944956426519917625e-01 1.845835378225961221e-01 2.859799168898705668e-01 1.853771467474509826e-01 2.964047817223972037e-01 1.688811758054421241e-01 3.098569875965027642e-01 2.435535768283611513e-01 2.249059463304796114e-01 2.520204178960162023e-01 2.300617778513003864e-01 2.924373336597890227e-01 1.585532651472970900e-01 1.564409464533542127e-01 1.016530824924689741e-01 1.558702356713948523e-01 2.212856103740274416e-01 2.222912487163616890e-01 1.514923781198182773e-01 2.792436209816649417e-01 1.947848227128748666e-01 3.026692023775003348e-01 2.277501049385373955e-01 3.838554928885430928e-01 2.060827981485512661e-01 1.885272772121203977e-01 2.383383911129616506e-01 2.406697483717142039e-01 7.871278512703597241e-02 2.543884793795305743e-01 2.040624203067593068e-01 2.646097024883733995e-01 2.339041583128130264e-01 1.003358727303360481e-01 2.540012625763680143e-01 2.317706730370641954e-01 2.364770412487938733e-01 1.010587505056407542e-01 2.675916325723642908e-01 1.733254430399621127e-01 1.931001564728010711e-01 3.197712650829069303e-01 2.261545284893046459e-01
2.881834959797933693e-01 9.661225912512060032e-02 1.235710909484969422e-01 8.898613950845626897e-02 6.632909637171374717e-02 3.554833325701981656e-02 2.735652522587007640e-01 1.000000000000000000e+00 2.217116823811432769e-01 1.841640104044678650e-01 1.262061638178012812e-01 1.535590364697187182e-01 3.012863564984931686e-01 1.815387754905695150e-01 1.793093226714550792e-01 1.279018036197473174e-01 1.515361222889715920e-01 1.265270862452280431e-01 1.859072228917808267e-01 1.874591588152142996e-01 2.377181042681311696e-01 2.593916320368178097e-01 1.856700972199741007e-01 3.773245011339531052e-01 1.427794547436490591e-01 1.447760369653384449e-01 1.724314591135975294e-01 1.451956857991587302e-01 1.785359178298169258e-01 1.871190418897627217e-01 1.661071596562741781e-01 1.705246565977256434e-01 2.262339932820041921e-01 1.365242778666705126e-01 1.931336903490863399e-01 1.998351827579347151e-01 1.629585800902031423e-01 3.417578636931467573e-01 1.399159631392805636e-01 1.967492331322770460e-01 1.756805587568854299e-01 3.168503851663217463e-01 1.053561868658548922e-01 6.272010841367460510e-02 1.121476742607598609e-01 1.236381906417005488e-01 1.560286931715694769e-01 7.692478802190409748e-02 1.459823888564110994e-01 3.029244322588483529e-01 1.467749944663731265e-01 1.744718685691111493e-01 1.298035826816651972e-01 2.448728298371155021e-01 1.660268448410422704e-01 1.851603321398224700e-01 2.511713922130067167e-01 9.792452704970903976e-02 7.077205119708306069e-02 2.614770445197876492e-01 1.304622940488348870e-01 1.495891377480594031e-01 2.806396162726063626e-01 1.079270582786764909e-01 1.420126702183310552e-01 1.335536651205276593e-01 1.561688580057252196e-01 9.345690340067974722e-02 2.999586380237373451e-01 1.723896168080344404e-01 1.733564921022086314e-01 1.620784462982383933e-01 1.661872659673508390e-01
1.230623499495967221e-01 9.521928866191162188e-02 1.336818776689166210e-01 7.562011660907730359e-02 5.708613827862057954e-02 1.415073195766779895e-02 1.371395720403641161e-01 2.217116823811432769e-01 1.000000000000000000e+00 1.255313754911645541e-01 1.556466388482767860e-01 1.141588024961055076e-01 2.487396716373853345e-01 1.408695110028972408e-01 1.225667327407012480e-01 1.257915772683348143e-01 1.048041276029522545e-01 9.592935056090223789e-02 8.912155362375445700e-02 9.670393100865753988e-02 1.324917453624937791e-01 1.703599314879790938e-01 2.116218921648468643e-01 1.226473574720812337e-01 9.220602776551412028e-02 1.020980413914428370e-01 1.604103127621702429e-01 1.254070041683083836e-01 1.166266770152873250e-01 1.095644104023927035e-01 1.320909836442935026e-01 1.125040155362298511e-01 1.174518768692857512e-01 1.097202871453922396e-01 1.302327616142591460e-01 9.404234831021404672e-02 1.389698250876902352e-01 1.641265143063622145e-01 1.389363464187420294e-01 1.048985112082957000e-01 1.135352149789495002e-01 1.735523328263691434e-01 8.590509357670556012e-02 4.978913020428590158e-02 1.087652645379905969e-01 9.550921995540360976e-02 8.657880123188453625e-02 1.164155766619696108e-01 1.025544769910270854e-01 1.374805576397891416e-01 1.385999009731829212e-01 1.477105126779267030e-01 1.329100662782464748e-01 2.238833924663488628e-01 8.202741246047008661e-02 1.326792058453306056e-01 1.283930493568742892e-01 1.071408094962628677e-01 5.324703972104476851e-02 1.985756730535617742e-01 8.714750973063450923e-02 1.001718803319410905e-01 1.292911386349663294e-01 5.817073088791770846e-02 1.079864278885851042e-01 7.472216233572200050e-02 1.569266339453840864e-01 6.616034398509725023e-02 1.260968643477275164e-01 1.198062649776825001e-01 1.081129001179105265e-01 1.315284265802788288e-01 1.908417640263429527e-01
1.943859709379529288e-01 2.117199442534399290e-01 3.389467043743950025e-01 1.008152261858296372e-01 6.316483496334632242e-02 6.509241342056390489e-02 2.747322777526241544e-01 1.841640104044678650e-01 1.255313754911645541e-01 1.000000000000000000e+00 2.074501002140217709e-01 2.298115566713748170e-01 1.504996948327337603e-01 1.745553342434828237e-01 1.522087265138040157e-01 3.368823838023208839e-01 1.931839063693081837e-01 2.119840307004191016e-01 1.185442820940530162e-01 1.941432977366035761e-01 2.491167030418700579e-01 2.210442108462061794e-01 1.519415473608943246e-01 1.936820746037033469e-01 2.530400426987321483e-01 1.653721430502576861e-01 2.723281111814184197e-01 3.809706623829580696e-01 1.818417138679362388e-01 1.622643439475646432e-01 2.008257453767140488e-01 2.140772498743785945e-01 4.869285579390170149e-01 1.426264761229014688e-01 3.384919952424919054e-01 8.871163096918151247e-02 1.660271666977254645e-01 2.624118108046294973e-01 3.733282003520309034e-01 2.346481192066446064e-01 2.795788704230821042e-01 2.089922601180642103e-01 1.834005403281379898e-01 1.395008391920546376e-01 1.143758917716437007e-01 1.381881144885048207e-01 1.759933748611347826e-01 1.943508549656698670e-01 1.622646909405945637e-01 2.021248652859818917e-01 1.941370795840022256e-01 2.684536323581478978e-01 2.347248807531283066e-01 2.607208752278925568e-01 1.774413063949864255e-01 2.137449640452965816e-01 2.587953830357268004e-01 2.979851860400723473e-01 1.580422931169458978e-01 2.644054901020909121e-01 1.884752247143010873e-01 2.187971422059001303e-01 1.645394560470150591e-01 8.791270888025620733e-02 2.885158976764723993e-01 3.410104486417649960e-01 2.090143336105453609e-01 1.066456022104969315e-01 1.994033743398813396e-01 1.630209295066983310e-01 2.089433464313937838e-01 3.638910359160713592e-01 1.964009068962168647e-01
1.898796552500520429e-01 2.215770475736124345e-01 6.797399635542218654e-02 2.517412553262617370e-01 1.212203768815800775e-01 1.142815505529565095e-01 2.489594856198427963e-01 1.262061638178012812e-01 1.556466388482767860e-01 2.074501002140217709e-01 1.000000000000000222e+00 1.577146296672817805e-01 1.203840976994611373e-01 1.294712829176584701e-01 1.353652318918154296e-01 2.933842991739169515e-01 3.065933915998432790e-01 3.127887404439547159e-01 7.843536780872845116e-02 1.101783095544184438e-01 1.373732152270089601e-01 1.661389455825070249e-01 1.109538145466370251e-01 1.299174461191364149e-01 2.703844289424915392e-01 2.277443418263597752e-01 2.265533391213552239e-01 1.173143522996809296e-01 1.277767952979743937e-01 1.439380315738803262e-01 1.525691020703960066e-01 2.228433935707316293e-01 1.828102453770927283e-01 3.180636802119998774e-01 2.118508769998866947e-01 7.292638727094288842e-02 1.768420298532302759e-01 1.211562261945366148e-01 1.886143992440222072e-01 3.022555323192683829e-01 1.997346245902911765e-01 1.472540287205416909e-01 1.483112544418559720e-01 1.416847428712088020e-01 1.530624539659161676e-01 1.305933156373026705e-01 1.559286995563202161e-01 2.995276807653022288e-01 1.135589200256385822e-01 2.021640021226115136e-01 1.950800624954651397e-01 4.120527507820459512e-01 3.900836207534926769e-01 3.600414799390450615e-01 3.350097804286728542e-01 2.216183785636941239e-01 1.409542482674285002e-01 3.328543577782306917e-01 1.165178026866432598e-01 2.751206646115991750e-01 2.116356243538208559e-01 1.308385214462698121e-01 8.454592227587276465e-02 7.008572729722627181e-02 2.679242048367574403e-01 1.798558216485962313e-01 2.137675563984528793e-01 8.448019964637862311e-02 2.026205097242497477e-01 1.134850156266677124e-01 1.238936924429608483e-01 4.356937497703172180e-01 2.838538883381950817e-01
1.252787002779550407e-01 5.320543182069619181e-01 1.124675305916877088e-01 9.431593717514437369e-02 6.198037677560277320e-02 1.823103025393983320e-02 2.269566506399822159e-01 1.535590364697187182e-01 1.141588024961055076e-01 2.298115566713748170e-01 1.577146296672817805e-01 1.000000000000000222e+00 1.553510221359861720e-01 2.021565895571529881e-01 1.481789145853753542e-01 1.536679178319267924e-01 2.024954166945679701e-01 1.655719442240511929e-01 1.164143653507220821e-01 1.463510577622137709e-01 1.918706644929265293e-01 2.207476006503557853e-01 1.253405385577797404e-01 1.896402531690226101e-01 2.027638094754932174e-01 1.427617481215207595e-01 2.313989368109989897e-01 1.137365980281302286e-01 1.554431426972889829e-01 1.424131579664666969e-01 2.181908566128216154e-01 2.062786129760532938e-01 2.920397786511804150e-01 1.623209736882470222e-01 2.559155446486489072e-01 7.865877645577896982e-02 1.473560079858965699e-01 3.072879109494148220e-01 1.971034467620606523e-01 2.450917330640952352e-01 2.147307664763765389e-01 1.527462683202126248e-01 3.414130003416009917e-01 4.715055924790444858e-02 1.323798404328830891e-01 1.665206937276261789e-01 2.091378467431772026e-01 1.047036785825502525e-01 1.363615441309917742e-01 1.411607250248945733e-01 1.355665867661020596e-01 2.290514626360856398e-01 1.901437568096565056e-01 2.321396773209158659e-01 1.464798705004077550e-01 1.962952236481396717e-01 2.211549172559100496e-01 1.548621220304365609e-01 1.017181675485338971e-01 5.191431274703044441e-01 1.230229685036192816e-01 1.284846495209913397e-01 1.640486111954799486e-01 8.604506794234434430e-02 1.672298783074370465e-01 1.547586381249538845e-01 2.063761573512528369e-01 9.351580469195638901e-02 1.546268720897769067e-01 2.387642439055128740e-01 1.793878017185033535e-01 1.974869677948885571e-01 1.831532414775227102e-01
1.706712377570824835e-01 1.749476554507718162e-01 1.086087160345546587e-01 9.792393505158655809e-02 3.992154498702855936e-02 1.372682891923708744e-02 1.985627090455082122e-01 3.012863564984931686e-01 2.487396716373853345e-01 1.504996948327337603e-01 1.203840976994611373e-01 1.553510221359861720e-01 1.000000000000000222e+00 2.122475967158615473e-01 1.830877916031813935e-01 1.143247711253085885e-01 1.486740419668231561e-01 9.561970015554338564e-02 1.474455036936124230e-01 1.372054931883700257e-01 2.880326371848195288e-01 2.454933460787845911e-01 4.704310893842941210e-01 2.801456719085801406e-01 1.388595522006607075e-01 2.357160700957709187e-01 1.857198513275470919e-01 1.073584899327177100e-01 1.604725615350907353e-01 1.343402480511770580e-01 1.612449565182595690e-01 1.472543110814776846e-01 2.014227811746644170e-01 1.140361412142517628e-01 2.514056285092636789e-01 1.155940463270227064e-01 1.751722536780446204e-01 2.381334365035467082e-01 1.566506319696640004e-01 1.502051469375495496e-01 1.432456721889786566e-01 2.423882032235502304e-01 1.188131134051463866e-01 2.083428768021756278e-02 1.222285340902757866e-01 1.191034458517412492e-01 1.515711635254173850e-01 4.826693018587295547e-02 1.538378779982193800e-01 1.710571237835994129e-01 1.589998153937762781e-01 2.478466201922583934e-01 1.395825448370768274e-01 2.193847867930239226e-01 1.300700453703174109e-01 2.454593282947993838e-01 2.228793213479272062e-01 1.121298827273237431e-01 8.105067091604351015e-02 2.167244810525982002e-01 9.786877126478317479e-02 1.031926947361243851e-01 2.464745389024453337e-01 1.030174003607425837e-01 1.347406181970408623e-01 1.450069336202753911e-01 1.856197846536590257e-01 1.124939806088038619e-01 2.369024821743527798e-01 1.515379318188027347e-01 1.574873676130822964e-01 1.655540365146953019e-01 1.663834356145293403e-01
1.180805199893721763e-01 1.410341791115142518e-01 1.430543397710721254e-01 1.647935107093156659e-01 6.050311750207119227e-02 2.108198831716604979e-02 1.946881103822001025e-01 1.815387754905695150e-01 1.408695110028972408e-01 1.745553342434828237e-01 1.294712829176584701e-01 2.021565895571529881e-01 2.122475967158615473e-01 1.000000000000000000e+00 2.202522688668911433e-01 1.111607796161706851e-01 3.162891631793177116e-01 1.709092688177687724e-01 1.459195166348025707e-01 1.714937972472137806e-01 2.541603509413377648e-01 3.208059550480290012e-01 1.579385369727059896e-01 2.569992134144568618e-01 2.653554196332291171e-01 1.961344940351511246e-01 2.379639777649400767e-01 1.210634286586573377e-01 2.225157714916123630e-01 1.320885663748090078e-01 2.384845556917337406e-01 2.132493881525525659e-01 2.477964152798628472e-01 2.109578442184752156e-01 2.515599987409898874e-01 8.190262068074048718e-02 2.245729790975176110e-01 2.733491610810870887e-01 2.306995582180072224e-01 2.440666875254459134e-01 2.728277503897608147e-01 2.008771105946690338e-01 9.911254781240300127e-02 2.870222571742430534e-02 1.894335058892492596e-01 3.260203484409227026e-01 1.966970853299415678e-01 6.527678003163091269e-02 1.838690702287032741e-01 1.558966277770316156e-01 1.640317853477636367e-01 2.013588426315703339e-01 2.123686075403576068e-01 2.318649736693518260e-01 1.625996085132750402e-01 2.484356331529910256e-01 2.663512681149622363e-01 1.226769261119691479e-01 1.016075580168348119e-01 2.338886768002420291e-01 1.486063440069050889e-01 1.547999457265097911e-01 2.293225296055649565e-01 9.950391867730359885e-02 1.632960970368695364e-01 1.352617532841657033e-01 2.938871443792051008e-01 1.509596710108258022e-01 1.566081519919531040e-01 2.127163808137901846e-01 2.333699104147810566e-01 1.880142160864997358e-01 1.836588068917779093e-01
1.303982388475904697e-01 1.134319253121341964e-01 1.202465557286080677e-01 1.070716732962473938e-01 7.863536850770165565e-02 2.519322898527925556e-02 1.669060097945558041e-01 1.793093226714550792e-01 1.225667327407012480e-01 1.522087265138040157e-01 1.353652318918154296e-01 1.481789145853753542e-01 1.830877916031813935e-01 2.202522688668911433e-01 1.000000000000000222e+00 1.164773289459183625e-01 1.550912484854654050e-01 1.294331193763108567e-01 1.264323156097438006e-01 1.455857782587233751e-01 2.464823983690656584e-01 2.816617056913580108e-01 1.245583406716603836e-01 2.619021908901406626e-01 1.640712699898178306e-01 1.901226983285368988e-01 2.170123602645045724e-01 1.053432991502172428e-01 1.599942204985672356e-01 1.365177835900551473e-01 1.933151453770660111e-01 2.084022027136463173e-01 1.933917734231062335e-01 1.473184474342508765e-01 2.475449378091921226e-01 8.239940624137442882e-02 1.667981919925177192e-01 2.537237445863549379e-01 1.470909810898388681e-01 2.430639981544315542e-01 1.625825877327496671e-01 1.759801010425286194e-01 9.446798751633750379e-02 5.083339060940603865e-02 1.187497952465594031e-01 1.353134072969867374e-01 1.611932938006327143e-01 1.018370574198785850e-01 1.939978824486836839e-01 1.315303630973152504e-01 1.758492523874940761e-01 1.876932962944747318e-01 1.688690925162312229e-01 2.228611847202468799e-01 1.701749363178811369e-01 2.262892468910268351e-01 3.363306881523746017e-01 1.114018466340541136e-01 9.185534451451767002e-02 2.435160002298536741e-01 1.058536407041472671e-01 1.305358053441467159e-01 2.157126437609196978e-01 9.103798743246400982e-02 1.762928999627079163e-01 1.157341564616083951e-01 1.660450707467969744e-01 9.644206003165045615e-02 2.097530139266404747e-01 1.738341795806357115e-01 2.028949396731756782e-01 1.486869971795378997e-01 2.072383014090027620e-01
2.427609751941655902e-01 1.628597099384350710e-01 9.942819926858680046e-02 1.216522569914967183e-01 5.423400007093608782e-02 6.426372598025875682e-02 2.995326928938826794e-01 1.279018036197473174e-01 1.257915772683348143e-01 3.368823838023208839e-01 2.933842991739169515e-01 1.536679178319267924e-01 1.143247711253085885e-01 1.111607796161706851e-01 1.164773289459183625e-01 1.000000000000000222e+00 1.783063923524301764e-01 2.623239883397340266e-01 1.032001640634142292e-01 1.823785954547240129e-01 1.328116751618050873e-01 1.549110957955814605e-01 1.465891358402311995e-01 1.418476263319336517e-01 3.309497147183692589e-01 2.274412051214738384e-01 3.658021006801013275e-01 1.017173800453068794e-01 1.338471933968111427e-01 1.305623736376334831e-01 1.910569838929881692e-01 1.818243060488601293e-01 3.248626939496498389e-01 1.030535999675879083e-01 2.921736896194637167e-01 6.030534744792451912e-02 2.788690927236725514e-01 1.637360861824440628e-01 2.960203541479832223e-01 1.976680558692126000e-01 3.207057461283112088e-01 1.532383252452303724e-01 1.374791125843430051e-01 2.410935008905470411e-01 9.556167564830075900e-02 1.100171473614207640e-01 1.321057146833592155e-01 3.625951619668186243e-01 1.613879909609172436e-01 1.879815747816321048e-01 1.525992216322347994e-01 2.930957757774257932e-01 2.623931262189469482e-01 2.336862165259120105e-01 2.112764145233133328e-01 1.419173920584933524e-01 1.926320990744971873e-01 3.643721109966950866e-01 2.184176063935246714e-01 2.371853421125631189e-01 2.090478999253613246e-01 2.227646308918740936e-01 1.061163494987241024e-01 6.814907512237103338e-02 3.939385704165443980e-01 3.903709891305887081e-01 1.518175437924540461e-01 5.576023075901244408e-02 2.368638052711286024e-01 1.119744307770608321e-01 1.474657743141858102e-01 3.631765209125672467e-01 2.217355208462614968e-01
2.082634813865650303e-01 1.906883414862221571e-01 9.011701392216550643e-02 1.610998763669434786e-01 9.453018258359878467e-02 7.109941684613002577e-02 2.957825482761162750e-01 1.515361222889715920e-01 1.048041276029522545e-01 1.931839063693081837e-01 3.065933915998432790e-01 2.024954166945679701e-01 1.486740419668231561e-01 3.162891631793177116e-01 1.550912484854654050e-01 1.783063923524301764e-01 1.000000000000000000e+00 3.784421718523567346e-01 1.130648347121527703e-01 1.655608154475209648e-01 1.855139296298082274e-01 2.087294425186542457e-01 1.267150994676780607e-01 1.740218279098055265e-01 1.971092008433416864e-01 2.244192164851896432e-01 2.046976356602985825e-01 1.050892007285534058e-01 1.921939882055441196e-01 1.195123537676072156e-01 1.991083783684461650e-01 2.080769510516498055e-01 1.946034602692240101e-01 2.805115767121593717e-01 2.222367298244669886e-01 8.540007998713948500e-02 1.863033291584861584e-01 1.571365544421258476e-01 1.325063345753930977e-01 3.391530691002241360e-01 2.779468062893614699e-01 1.634491722536634273e-01 1.703954957874179998e-01 4.337873343862045511e-02 9.648146650173970718e-02 5.041274706339123890e-01 2.691484751065593151e-01 1.610585379216303015e-01 1.056072261859813538e-01 2.386763741316219600e-01 1.858330773484048182e-01 2.520101597506728131e-01 3.812450035913098056e-01 2.464501934573573305e-01 1.858997172303405443e-01 2.446979209156978918e-01 2.389502045997017043e-01 2.304793508520042999e-01 7.029481338953789960e-02 2.410690106358992224e-01 2.336507786479842530e-01 1.465276710072130339e-01 1.353552601148769741e-01 9.164779484010751598e-02 2.060026935643070323e-01 1.645966501326854847e-01 4.080745674604245310e-01 1.364041405396080875e-01 1.527309725174784416e-01 2.069692164936631218e-01 1.726728085286820813e-01 4.026119965902761333e-01 1.898268263380970544e-01
1.995712556314857000e-01 1.366515336993849583e-01 9.168569443421226151e-02 1.463152010335888598e-01 1.079920979548174842e-01 8.545206514867624559e-02 2.518555103175169063e-01 1.265270862452280431e-01 9.592935056090223789e-02 2.119840307004191016e-01 3.127887404439547159e-01 1.655719442240511929e-01 9.561970015554338564e-02 1.709092688177687724e-01 1.294331193763108567e-01 2.623239883397340266e-01 3.784421718523567346e-01 1.000000000000000000e+00 6.680838999485462504e-02 1.360539269751278590e-01 1.352340101265790129e-01 1.593558911910050169e-01 8.072781344264151615e-02 1.225183486991446302e-01 2.312555234005764793e-01 1.959053362467184922e-01 2.221729933634696008e-01 1.012377482415925817e-01 1.698343403877666247e-01 9.901269391886810545e-02 2.034957999983902643e-01 1.717073271601709528e-01 2.028399829005257671e-01 1.746292910689496158e-01 1.808217421163390015e-01 8.185258172912868169e-02 1.786769142323551551e-01 1.562842461929992433e-01 1.874891368784785406e-01 2.824595494195464296e-01 3.354859029148772875e-01 1.260455527152871402e-01 1.381341568885998405e-01 1.243228922245114693e-01 1.370527734505014306e-01 1.862899377609630869e-01 1.805592802226250460e-01 2.295526051402383971e-01 1.033146976536953310e-01 1.916978230296485786e-01 1.636848002253831480e-01 2.021092955578769890e-01 3.432700810932097224e-01 2.125866944310479956e-01 1.464794853828212950e-01 1.496123588930748649e-01 1.822420315610169261e-01 3.174405808488349190e-01 9.109924866686787415e-02 2.478179435140068498e-01 3.242022301384366867e-01 1.501617094716151402e-01 8.296345785061230715e-02 9.434715326026450744e-02 2.227772824738297186e-01 1.798421062226549516e-01 1.839522575121818049e-01 9.573570246306979670e-02 1.695887439280582554e-01 1.410537152707511954e-01 1.710117093427591939e-01 4.125639170699871294e-01 1.899155651883495388e-01
1.265354102131165392e-01 8.674305213823575722e-02 9.005351788576645977e-02 6.938753131497576998e-02 2.732045346398839086e-02 1.274187738939050116e-02 1.737446710764911362e-01 1.859072228917808267e-01 8.912155362375445700e-02 1.185442820940530162e-01 7.843536780872845116e-02 1.164143653507220821e-01 1.474455036936124230e-01 1.459195166348025707e-01 1.264323156097438006e-01 1.032001640634142292e-01 1.130648347121527703e-01 6.680838999485462504e-02 1.000000000000000000e+00 1.585342109380868114e-01 1.611139293280239027e-01 2.031147832366961281e-01 8.738339333611236381e-02 2.161283280990787259e-01 1.127981204912578556e-01 1.287776845063267339e-01 1.488250391901506930e-01 1.376229539208763952e-01 1.145895827202242784e-01 1.400371105495810953e-01 1.262742583046119749e-01 1.138865129130507414e-01 1.797363252398964939e-01 8.778346503533004941e-02 1.532559918786037256e-01 7.643909482003634348e-02 1.296592119941362697e-01 1.736304354354776258e-01 1.127650188613995713e-01 1.194352938135797570e-01 1.169314635487258003e-01 2.327745313783665948e-01 6.707626772999836229e-02 6.167891610201460539e-02 8.970322350916895560e-02 9.545763488590848500e-02 9.781460302295814924e-02 6.358043413277794653e-02 1.390107981518135527e-01 1.093592592798525859e-01 1.147927136334237069e-01 1.454621575960493574e-01 8.104215710124869354e-02 1.732330319552628506e-01 1.409228227344834217e-01 1.342111060344980400e-01 1.824035261596838597e-01 7.434637401898848419e-02 5.828662931873319214e-02 1.356303205856529692e-01 7.910356198549985118e-02 1.218881332545689450e-01 1.670142065378447116e-01 6.644918142047091802e-02 1.097548626751646272e-01 8.600773742223034868e-02 1.048664713117707648e-01 6.242995659666812636e-02 1.287577950821212069e-01 1.118208555349895078e-01 1.313716802213484858e-01 1.130417619603070328e-01 1.430216982802376413e-01
1.285443129559548092e-01 9.188646763015508034e-02 9.763735800043285562e-02 7.868042185977192071e-02 6.328390722253969536e-02 2.311561813267746027e-02 2.234435097753178778e-01 1.874591588152142996e-01 9.670393100865753988e-02 1.941432977366035761e-01 1.101783095544184438e-01 1.463510577622137709e-01 1.372054931883700257e-01 1.714937972472137806e-01 1.455857782587233751e-01 1.823785954547240129e-01 1.655608154475209648e-01 1.360539269751278590e-01 1.585342109380868114e-01 1.000000000000000222e+00 1.754408065403972317e-01 3.429209820507423401e-01 9.638944093372436850e-02 2.636706447357310967e-01 1.237525290985699994e-01 1.221338652665150265e-01 2.509250601086000509e-01 1.181647263713528767e-01 1.823624071687845460e-01 1.499742116549882542e-01 1.995015423748676409e-01 1.474749971205678023e-01 2.725017389946697288e-01 1.044655920292570372e-01 1.584827037864059984e-01 1.603211537613361826e-01 1.180702156439455697e-01 1.793502936730313468e-01 1.324088217235515619e-01 2.364330640116641957e-01 2.088386030079794342e-01 1.936269412379700572e-01 7.749949175435029425e-02 1.830755575221071074e-01 9.945281160154652300e-02 1.205524232147158203e-01 2.034583058468248384e-01 9.877300436322744570e-02 1.353077804180338184e-01 1.585141442916150334e-01 1.497455928412331772e-01 1.748199719699626287e-01 1.565161756176396968e-01 1.871515641876150826e-01 1.729742216252389553e-01 1.761698466044415712e-01 3.102660385248344754e-01 1.431897150355884718e-01 6.037193121639077009e-02 1.927700149688317266e-01 1.390020666321213627e-01 3.550740188194990155e-01 1.421061555061521597e-01 8.086807177151725257e-02 1.696890383691291304e-01 1.879845731132962217e-01 1.440950614486878611e-01 7.966191061013033758e-02 1.427893779279231501e-01 2.625637300409798258e-01 2.261866105493386403e-01 1.432492366809930695e-01 1.808686446649537816e-01
1.647747189587001337e-01 1.402889532672685347e-01 1.788453288246777961e-01 1.338173362304218017e-01 5.734953186273047260e-02 4.943807200857040091e-02 3.230213010637652538e-01 2.377181042681311696e-01 1.324917453624937791e-01 2.491167030418700579e-01 1.373732152270089601e-01 1.918706644929265293e-01 2.880326371848195288e-01 2.541603509413377648e-01 2.464823983690656584e-01 1.328116751618050873e-01 1.855139296298082274e-01 1.352340101265790129e-01 1.611139293280239027e-01 1.754408065403972317e-01 1.000000000000000000e+00 2.997675889838938845e-01 1.676616878347962913e-01 2.585620110082685330e-01 1.987403936555574291e-01 2.234227355597051545e-01 2.396373530168467159e-01 2.046755786659192611e-01 2.053036485802920141e-01 1.873261140478811593e-01 2.698654869252515298e-01 2.139665106678251549e-01 3.402316781833343295e-01 1.799683943465042735e-01 4.231314492896942614e-01 1.706968343820508272e-01 2.659036128823232814e-01 3.176238251202070928e-01 2.270367664251233819e-01 2.659638396760110601e-01 1.969775140353233756e-01 2.459898482726063373e-01 1.572289672906359848e-01 4.648540909492292206e-02 2.148181076856154892e-01 1.587716673259140232e-01 1.763270269240377885e-01 9.811337944778944498e-02 2.377532596318377156e-01 1.547930837240147628e-01 2.371840057526782286e-01 2.846228242076006554e-01 1.890032322047569824e-01 3.301221877594796017e-01 1.789300259875149235e-01 2.997180829095162369e-01 2.869988462493522352e-01 1.410564824929142203e-01 1.078098244229165337e-01 2.669893944885013970e-01 1.550003991300403783e-01 1.734332480287321676e-01 2.571159553415933718e-01 1.120682463971679060e-01 1.997530784370575851e-01 2.052073814146226360e-01 2.480405602172906232e-01 1.364325012728882791e-01 2.080582187695300400e-01 2.185366942245604016e-01 2.376676364207720715e-01 2.003649241613501553e-01 2.199149736243282971e-01
