1.000000000000000222e+00 2.528599629189540524e-02 4.875507648170893799e-02 4.002121170794484262e-02 8.344725277472171687e-02 4.467694826254744317e-02 8.497609755324125880e-02 3.196711972393959794e-02 5.512232975658745704e-02 4.131104365872759199e-02 5.744770129112356655e-02 1.839962927471809964e-02 5.665585156173127274e-02 5.320004376114643996e-02 2.274061035483624094e-01 1.168944226571957262e-01 1.896992012108831768e-02 1.084870485621134695e-01 3.509680539401143634e-02 9.277800750709608302e-02 4.673215893301387036e-02 2.469083876351995527e-02 3.735262181452122382e-02 4.047785355711526478e-02 2.830981114766024931e-02 2.401808424492447511e-02 2.002261860092760873e-02 8.911549957543242473e-02 8.143294454016820894e-02 3.364133159566171788e-02 4.931884048865007447e-02 9.688113698027654708e-02 9.763846553244205639e-02 1.189386423901985096e-01 5.390553158152393970e-02 3.005195016255707979e-02 7.904359010088041204e-02 1.957339873256335253e-02 2.862626641354524062e-02 2.306560401573744951e-02 1.936023189318925725e-02 5.960643928512005668e-02 4.160190697782358005e-02 5.057897368108527775e-02 8.696324695098438251e-02 2.647609741109763909e-02 3.334112479019323005e-02 1.149164522741821515e-01
2.528599629189540524e-02 1.000000000000000000e+00 2.994753247771059779e-01 5.035413862460527135e-01 1.917688106414685567e-01 2.842525007044669483e-01 2.332361926882073888e-01 2.321723309906451593e-01 3.022976114600597897e-01 2.370844754856527847e-01 1.846283046020545104e-01 2.871054003459365123e-01 2.594881477928142610e-01 4.176551098915408100e-01 1.973408810106238795e-02 1.061326617880969936e-01 5.548564065356493824e-01 1.674813751246538585e-01 3.106390757578080808e-01 2.402742148780695752e-01 3.944083796664090147e-01 4.117562578243197935e-01 3.036284313864871520e-01 3.530735967275637210e-01 4.624022327833015034e-01 4.336217163699579435e-01 5.437958712548782714e-01 3.655763459459503428e-01 9.650151193801870253e-02 5.668354386741465412e-01 1.907395960904533505e-01 2.899001607792685009e-01 1.508216009315156148e-01 1.964659253744723832e-01 3.946609889297290064e-01 5.011607202886856349e-01 2.997646775531679353e-01 5.672365605486870965e-01 3.750026566324927702e-01 4.484484210952456862e-01 5.199143485341189974e-01 2.397892287483441298e-01 2.306253205605301448e-01 1.513689112518259994e-01 2.045134193994531391e-01 6.509712549019518457e-01 6.122601988745774992e-01 7.634116544180638564e-02
4.875507648170893799e-02 2.994753247771059779e-01 1.000000000000000222e+00 5.101323981563483656e-01 1.537203669778923754e-01 3.619225180329340152e-01 2.512890046465590110e-01 3.289457140829847304e-01 3.517065417555687579e-01 3.545042232037287633e-01 2.059813118711667224e-01 3.353280480178228995e-01 3.109927604443878946e-01 4.007875830996334154e-01 3.657812092810252408e-02 1.018633837600318309e-01 3.648873383057723574e-01 2.309326290753153377e-01 2.699783036245389511e-01 2.833937581098160408e-01 3.369375480280297763e-01 3.325747869212896668e-01 4.217891110064154181e-01 4.458508459455275963e-01 3.455980036820062162e-01 3.606606338992560112e-01 3.444668041781945300e-01 2.481107451346474535e-01 8.248307905653246008e-02 3.215356434720060830e-01 2.531261859611034781e-01 3.913968354159257923e-01 1.208327569224424275e-01 2.288915619267484769e-01 4.846992253129118744e-01 4.047866100299626901e-01 3.707128610162002125e-01 3.764952788168554609e-01 2.744475042580148960e-01 2.185997785248615932e-01 2.529052160913395353e-01 2.501284198422626948e-01 2.479057314690227831e-01 1.094913133177811831e-01 1.640203253541474560e-01 3.097489681756539492e-01 4.438976628366113064e-01 7.377512923074303064e-02
4.002121170794484262e-02 5.035413862460527135e-01 5.101323981563483656e-01 1.000000000000000000e+00 1.617370913954200018e-01 4.117636463062461227e-01 2.533395647519771643e-01 2.969950847598278321e-01 3.478207311804438762e-01 3.126119862698727991e-01 2.249432549842198537e-01 3.941332120343479795e-01 3.063888886695880220e-01 5.445290971055748441e-01 2.797808353613118540e-02 9.467753323592476011e-02 6.302232454859306721e-01 2.115990076026744715e-01 2.796184863864232262e-01 2.707224588187575609e-01 4.250178841311861855e-01 5.687966099555489263e-01 4.127594205448290032e-01 4.182278798192640146e-01 3.863684000510992367e-01 5.666818457502411643e-01 6.338563473094360745e-01 3.972372233260564323e-01 9.922773130006512510e-02 5.623309507222686854e-01 2.684087320563571799e-01 3.273639567796998162e-01 1.295483423889916552e-01 2.234867217177320120e-01 4.053589485297829920e-01 6.922991777934526247e-01 3.578555119645718818e-01 6.502721569561663584e-01 3.115260306171963034e-01 4.114746566506643499e-01 4.858843241019491499e-01 2.439477067871299587e-01 2.444518253349734771e-01 1.329436531130702148e-01 1.932775028372584469e-01 5.915757212654683128e-01 7.496172968377564638e-01 7.619215546284922869e-02
8.344725277472171687e-02 1.917688106414685567e-01 1.537203669778923754e-01 1.617370913954200018e-01 1.000000000000000000e+00 1.162540510257957793e-01 1.284607486203006022e-01 1.552202113707378262e-01 2.553030407156776094e-01 1.221861799518555725e-01 1.534197171750912303e-01 1.354661594623814969e-01 1.464500195238176428e-01 1.549671551830038296e-01 9.258850577812055560e-02 1.275229032001318208e-01 1.647390955448602978e-01 1.412009382150322678e-01 1.414612796349938861e-01 1.581702579165512601e-01 1.705267654970299140e-01 1.354353501427910389e-01 1.588798713115884553e-01 2.046783684310197193e-01 2.257335873941029025e-01 1.149321226909556237e-01 1.778660999510524310e-01 1.369921314477675900e-01 9.202736260806573809e-02 1.670121341382573288e-01 1.265982022198683110e-01 1.827625852963624953e-01 1.649940061169705707e-01 1.038651295091271992e-01 1.999081101510138403e-01 1.648423705537732098e-01 2.115655628791135445e-01 1.699798408933105021e-01 2.037471913951901525e-01 1.765494734371318430e-01 1.681286516371361395e-01 1.043085784592792525e-01 1.218833383380288765e-01 1.009902453027164693e-01 1.633864470317711592e-01 2.003244206292929264e-01 2.192078922467198265e-01 8.589357514164369656e-02
4.467694826254744317e-02 2.842525007044669483e-01 3.619225180329340152e-01 4.117636463062461227e-01 1.162540510257957793e-01 1.000000000000000000e+00 1.886229447391845060e-01 1.449664629739773059e-01 2.683782433659496758e-01 1.669063035139513873e-01 1.358430083351548912e-01 3.877674627552410436e-01 2.343447541807169021e-01 3.439603961912004459e-01 5.290282571603994316e-02 9.876423932766273395e-02 3.857164545821577528e-01 1.957558886912295348e-01 2.079324240754618913e-01 2.445293823851388548e-01 2.153186220414022578e-01 3.293693280524653821e-01 3.621380719524814884e-01 2.419004346722397059e-01 2.672913790780636623e-01 3.596346354496384179e-01 3.734482967759856775e-01 1.761798385775532050e-01 5.895195846556375990e-02 2.405761704176674343e-01 1.502251455741074049e-01 2.299517174735516423e-01 9.475722222457778898e-02 1.666190132351433317e-01 2.690325027725776752e-01 4.008851512299334563e-01 2.566558478270590249e-01 3.979870191890982345e-01 2.461630512651472591e-01 1.701277300529368264e-01 2.000878744975263246e-01 1.825486627384027838e-01 2.089148831299443287e-01 9.137734398989458273e-02 1.234993760774331928e-01 2.449303053709887545e-01 4.612737682403299511e-01 6.477292709346593735e-02
8.497609755324125880e-02 2.332361926882073888e-01 2.512890046465590110e-01 2.533395647519771643e-01 1.284607486203006022e-01 1.886229447391845060e-01 1.000000000000000000e+00 1.714795622882926140e-01 3.222143727946744640e-01 3.971476906055336764e-01 1.755188861233870912e-01 1.676032122490075937e-01 2.663621725609637836e-01 3.399982051872523225e-01 1.101124749054444990e-01 9.840224242568811064e-02 2.102509036148555999e-01 4.795503545514884225e-01 3.408936051502949316e-01 3.402754305513039923e-01 2.316400372863706703e-01 1.822358661945591707e-01 2.815635072841449760e-01 2.847497014739936994e-01 3.726114719090711791e-01 1.942407346220274833e-01 2.085401555615336855e-01 3.478879500568894390e-01 2.068243656026117760e-01 2.540525039341120506e-01 1.946985918600605825e-01 6.530861964231364780e-01 1.154052202406569277e-01 5.258163010105441071e-01 3.843978265549453655e-01 2.218046629019649330e-01 2.982683035834919338e-01 2.169394886254911725e-01 2.504655873897147500e-01 1.865261345482278621e-01 1.995797495665726229e-01 3.204790104631697889e-01 4.046154752801819909e-01 9.921504104182098105e-02 2.576757109887047315e-01 2.411138513024942420e-01 2.357471678801645598e-01 5.004559123452650277e-02
3.196711972393959794e-02 2.321723309906451593e-01 3.289457140829847304e-01 2.969950847598278321e-01 1.552202113707378262e-01 1.449664629739773059e-01 1.714795622882926140e-01 1.000000000000000000e+00 2.929044728348644266e-01 4.076414333601864892e-01 1.307012806200500421e-01 1.836188825992866869e-01 1.519768528363696358e-01 2.281130483562041067e-01 3.962952536210381099e-02 1.101836599144168372e-01 2.050120139689248222e-01 2.479828213615904997e-01 2.082142237021217257e-01 1.951600144900139389e-01 2.026392261364612923e-01 1.473049549304544792e-01 3.657053819698081187e-01 4.745552235452584200e-01 2.596814338375244002e-01 1.619161151611003824e-01 2.132620845149124644e-01 1.711595648471954112e-01 8.641273450045264259e-02 2.148755433612334342e-01 1.478803220791158612e-01 2.873338813772016720e-01 1.371644022218113379e-01 1.131076252312354924e-01 5.406329737379345080e-01 1.792892176189742615e-01 1.912455055247478386e-01 2.115339373474071361e-01 2.303457919978792456e-01 2.074791410260333202e-01 2.092301973857985664e-01 3.449877677237873086e-01 2.106674022963459791e-01 1.060377688101393351e-01 1.840624509926732377e-01 2.324174568065896507e-01 2.488238978575392779e-01 6.866631371980297383e-02
5.512232975658745704e-02 3.022976114600597897e-01 3.517065417555687579e-01 3.478207311804438762e-01 2.553030407156776094e-01 2.683782433659496758e-01 3.222143727946744640e-01 2.929044728348644266e-01 1.000000000000000000e+00 2.426458059419302482e-01 2.387136553921957449e-01 2.860661565547092944e-01 3.167063674002584817e-01 3.385633107554586463e-01 5.958567307330296658e-02 1.280047661670190851e-01 2.691017683266166416e-01 2.781885430991742902e-01 3.024092324128141995e-01 3.278744924264584970e-01 2.922530181282200767e-01 2.415312201766223466e-01 2.793817049711187495e-01 4.408330190009095428e-01 4.480888654356994794e-01 2.609432731731152200e-01 2.808591750382445906e-01 2.819895948181281864e-01 9.450188229295458653e-02 3.399697238939995425e-01 2.738506535351444282e-01 4.392089400213660677e-01 1.844252227340849593e-01 2.069191161247800337e-01 4.234263651715671761e-01 2.939747920663460246e-01 4.070462003929045669e-01 2.776625403519396018e-01 3.519640380796269508e-01 2.751839485422439835e-01 2.746386175806256880e-01 2.332375080159317104e-01 3.353618563836133215e-01 1.545475179293471502e-01 2.037951345203763143e-01 3.148197424283444845e-01 3.266492391200862544e-01 8.059347447578511792e-02
4.131104365872759199e-02 2.370844754856527847e-01 3.545042232037287633e-01 3.126119862698727991e-01 1.221861799518555725e-01 1.669063035139513873e-01 3.971476906055336764e-01 4.076414333601864892e-01 2.426458059419302482e-01 1.000000000000000222e+00 1.411869438671589927e-01 1.861953705107412260e-01 2.131844286307747471e-01 3.952106142925326249e-01 3.572112448498332427e-02 9.395583797388269709e-02 4.045027016231990125e-01 3.234300430435848583e-01 2.721731490658966801e-01 2.324710400325220305e-01 2.653125662659100992e-01 3.336496256850897679e-01 6.273694272206954414e-01 5.566708508642972397e-01 2.677112534823720136e-01 2.122820849948131583e-01 2.032035753663515021e-01 2.121684932682103564e-01 7.308716103376129702e-02 2.602037585951169074e-01 1.735654124469513393e-01 4.239350873077805115e-01 1.171533438587872011e-01 1.982356545765268097e-01 4.327592914399773782e-01 4.060948280808710509e-01 3.966807955851313627e-01 2.252592354306930944e-01 2.326795348819621634e-01 1.745887822501838160e-01 1.996246112149972218e-01 3.507124210896764294e-01 2.970018375516155218e-01 8.731925135619046652e-02 1.493330638955136236e-01 2.435593971340294095e-01 2.369683822925715277e-01 5.550205292214708402e-02
5.744770129112356655e-02 1.846283046020545104e-01 2.059813118711667224e-01 2.249432549842198537e-01 1.534197171750912303e-01 1.358430083351548912e-01 1.755188861233870912e-01 1.307012806200500421e-01 2.387136553921957449e-01 1.411869438671589927e-01 1.000000000000000222e+00 1.170544000957477182e-01 1.747824338261322885e-01 1.837479447558614531e-01 4.269704858178849372e-02 8.116910999604205756e-02 1.576350111836397339e-01 1.651780148767548195e-01 1.612087224622240078e-01 2.253168856852854340e-01 1.933176334739656055e-01 1.600390692502209611e-01 1.512762553195477477e-01 2.333515963063060028e-01 2.222671308500227816e-01 1.442899176524129468e-01 1.591761007624454827e-01 1.418383302396418744e-01 7.738068911543952155e-02 1.872245049176160803e-01 1.938967839856944875e-01 2.048848566654299930e-01 1.390516091921332464e-01 1.381814281366942898e-01 1.934974954191147622e-01 1.947882848060855099e-01 2.529210647722705541e-01 1.626497585869881857e-01 1.671013066807005010e-01 1.650844233923442206e-01 1.608783986184577075e-01 1.164755260359493644e-01 1.545532346562016046e-01 1.148557738866944206e-01 1.681095442610173185e-01 1.928973946731841194e-01 1.930339776917781303e-01 8.719705094738798568e-02
1.839962927471809964e-02 2.871054003459365123e-01 3.353280480178228995e-01 3.941332120343479795e-01 1.354661594623814969e-01 3.877674627552410436e-01 1.676032122490075937e-01 1.836188825992866869e-01 2.860661565547092944e-01 1.861953705107412260e-01 1.170544000957477182e-01 1.000000000000000000e+00 1.834411483362015927e-01 3.049362280456043850e-01 2.020474038768611466e-02 8.633150664846951650e-02 4.291169393078815286e-01 1.607546209477770938e-01 2.270853115028119429e-01 1.669573100929765130e-01 2.483091064893503397e-01 3.256496991045746414e-01 3.679711509477617826e-01 2.664775268267769448e-01 3.145783140366633091e-01 4.825574546551285593e-01 4.101206612220104075e-01 2.774661540528266523e-01 6.267884722570944700e-02 3.599089085299304602e-01 1.376645209199243436e-01 2.108749593787529741e-01 1.034008253210505907e-01 1.364005089229798073e-01 2.933602737861754628e-01 3.963578808185948543e-01 2.025753805006491326e-01 4.427681773226402884e-01 2.990975954849467988e-01 1.833999040815649240e-01 2.353830478985231289e-01 1.485088494080435417e-01 1.633826832448496413e-01 9.468900326773749265e-02 1.321410699981631354e-01 2.887638511440243083e-01 4.749820631548484773e-01 4.694236546240060370e-02
5.665585156173127274e-02 2.594881477928142610e-01 3.109927604443878946e-01 3.063888886695880220e-01 1.464500195238176428e-01 2.343447541807169021e-01 2.663621725609637836e-01 1.519768528363696358e-01 3.167063674002584817e-01 2.131844286307747471e-01 1.747824338261322885e-01 1.834411483362015927e-01 1.000000000000000222e+00 3.104002126773153236e-01 7.770381453196813226e-02 1.067345441365548653e-01 2.477485004488746145e-01 2.398963501809280030e-01 3.052820549831772867e-01 3.104497817094252210e-01 2.806731187342329514e-01 2.226698350085974387e-01 2.345180923961231179e-01 3.151555439730422403e-01 3.531328963249146802e-01 2.353577905924190694e-01 2.283030459702599102e-01 3.154415487323919964e-01 6.184635601459550353e-02 2.820449372317055947e-01 2.544177087430295470e-01 3.324768127278392993e-01 1.327174753147291331e-01 1.974942757488047651e-01 3.377051614980343675e-01 2.710180422979363013e-01 2.983217807776459840e-01 2.541915518293416110e-01 2.627688991256265094e-01 1.740846872870049356e-01 2.223998718245361328e-01 2.198212443693482454e-01 3.968556138442274617e-01 9.612607085656987849e-02 1.440052452106422853e-01 2.644761340205521449e-01 2.901494416665438836e-01 7.792581058190967136e-02
5.320004376114643996e-02 4.176551098915408100e-01 4.007875830996334154e-01 5.445290971055748441e-01 1.549671551830038296e-01 3.439603961912004459e-01 3.399982051872523225e-01 2.281130483562041067e-01 3.385633107554586463e-01 3.952106142925326249e-01 1.837479447558614531e-01 3.049362280456043850e-01 3.104002126773153236e-01 1.000000000000000000e+00 4.819719138971317179e-02 1.030230298408386785e-01 5.030232636049374317e-01 2.846527435915855442e-01 3.340793470257547026e-01 3.165864298223942663e-01 3.390007675766012474e-01 4.236516595243179362e-01 4.557026683426163016e-01 4.001585975164894116e-01 3.796206497129317459e-01 4.369138568348845952e-01 5.110927769043287494e-01 4.293535985933769061e-01 7.702245594249015892e-02 4.780599242310947794e-01 1.979323747492042485e-01 3.899345046612993082e-01 1.230046350735417987e-01 2.221493041974150484e-01 3.865428066214827707e-01 5.156389655389082005e-01 4.261241025532679361e-01 5.170338061142024655e-01 2.754256895916883385e-01 3.380355731483262738e-01 3.809112427960446023e-01 2.560305597319506576e-01 3.236489083111337983e-01 1.125712824358425235e-01 1.638817525530087971e-01 4.788971326279875540e-01 5.785690791507600572e-01 7.011878539629337603e-02
2.274061035483624094e-01 1.973408810106238795e-02 3.657812092810252408e-02 2.797808353613118540e-02 9.258850577812055560e-02 5.290282571603994316e-02 1.101124749054444990e-01 3.962952536210381099e-02 5.958567307330296658e-02 3.572112448498332427e-02 4.269704858178849372e-02 2.020474038768611466e-02 7.770381453196813226e-02 4.819719138971317179e-02 1.000000000000000000e+00 1.393583324697361681e-01 1.342070887682300130e-02 1.405076242113537099e-01 3.678097949288600121e-02 1.048815754446362492e-01 4.287791538349877002e-02 1.653876322112032837e-02 3.278228142184092669e-02 4.074175146754095006e-02 1.698597700835982952e-02 2.407877445372861094e-02 2.132857162130378029e-02 1.193065928698731210e-01 1.184475716093066483e-01 3.131351777335805719e-02 3.545805647446464981e-02 1.122375631582779587e-01 1.249643046704538019e-01 1.912014148660993451e-01 5.947796088380189611e-02 2.012981789852261866e-02 6.150189009388620787e-02 2.034402172956398941e-02 3.154209344971412726e-02 2.340641890893970650e-02 1.274104833262471211e-02 7.978947400291604153e-02 3.802072883427457667e-02 4.570255402609706141e-02 1.188450986117595143e-01 1.519396892579023134e-02 2.011910628123174047e-02 1.090383017876965510e-01
1.168944226571957262e-01 1.061326617880969936e-01 1.018633837600318309e-01 9.467753323592476011e-02 1.275229032001318208e-01 9.876423932766273395e-02 9.840224242568811064e-02 1.101836599144168372e-01 1.280047661670190851e-01 9.395583797388269709e-02 8.116910999604205756e-02 8.633150664846951650e-02 1.067345441365548653e-01 1.030230298408386785e-01 1.393583324697361681e-01 1.000000000000000000e+00 8.710894541150510095e-02 1.498871768265835625e-01 1.172145499731699209e-01 2.237433867352687511e-01 1.012072603493344852e-01 7.844987305024037072e-02 9.904478569923971798e-02 1.207462179684319209e-01 1.210794073747774452e-01 6.509542482446568912e-02 9.460842014139958511e-02 1.327101461104008284e-01 7.512013830136306247e-02 9.620326438216704468e-02 8.850999517268587358e-02 1.213982382745808358e-01 1.327803922557123650e-01 7.750712394862774302e-02 1.271428030486140004e-01 9.548366087295508120e-02 1.496493280809571280e-01 8.988008968034950918e-02 1.347048366942203146e-01 9.612231856814118514e-02 8.890123797954878337e-02 7.842962698620428719e-02 1.128138387825967509e-01 7.766295841300459302e-02 1.330819189601486763e-01 1.097091538655836362e-01 1.072030461615803010e-01 9.821453507754145107e-02
1.896992012108831768e-02 5.548564065356493824e-01 3.648873383057723574e-01 6.302232454859306721e-01 1.647390955448602978e-01 3.857164545821577528e-01 2.102509036148555999e-01 2.050120139689248222e-01 2.691017683266166416e-01 4.045027016231990125e-01 1.576350111836397339e-01 4.291169393078815286e-01 2.477485004488746145e-01 5.030232636049374317e-01 1.342070887682300130e-02 8.710894541150510095e-02 1.000000000000000000e+00 1.524337056972129290e-01 2.830497806521636295e-01 2.189136323114838356e-01 3.792204759172321249e-01 7.006399816155153282e-01 6.013527153534906633e-01 3.347886845779176612e-01 4.250015912109517124e-01 5.625515558254274850e-01 7.031726892568374021e-01 3.647639469375049681e-01 8.198005152682212582e-02 5.592090219591278055e-01 1.663595346142323073e-01 2.641503931092270552e-01 1.310423737555934109e-01 1.803671020444684581e-01 3.666059271731973990e-01 8.527696450925533744e-01 2.719239164797377928e-01 7.389351684997197411e-01 3.440612156953392065e-01 4.137059840207610861e-01 5.235391230863902789e-01 2.315336427651906170e-01 2.082483803805234013e-01 1.336776251246361846e-01 1.857079514115309304e-01 6.399337743514875720e-01 7.733908027800325824e-01 6.253313299746601772e-02
1.084870485621134695e-01 1.674813751246538585e-01 2.309326290753153377e-01 2.115990076026744715e-01 1.412009382150322678e-01 1.957558886912295348e-01 4.795503545514884225e-01 2.479828213615904997e-01 2.781885430991742902e-01 3.234300430435848583e-01 1.651780148767548195e-01 1.607546209477770938e-01 2.398963501809280030e-01 2.846527435915855442e-01 1.405076242113537099e-01 1.498871768265835625e-01 1.524337056972129290e-01 1.000000000000000000e+00 2.206427049206882984e-01 4.409756766852422349e-01 2.026816610656094475e-01 1.440110830722028668e-01 2.586920605768693870e-01 2.854764455797376699e-01 1.927597554529531798e-01 1.720544091971727974e-01 1.525042510418328778e-01 3.196708886544606387e-01 1.669765593210906784e-01 2.150305572781264496e-01 2.008003124183307952e-01 4.862114278095112097e-01 1.078616466750580566e-01 4.110998045586894967e-01 3.495144122489113880e-01 1.752801487544414505e-01 3.228678139838010441e-01 1.581628408527977758e-01 3.738830678293818544e-01 1.404888217092938041e-01 1.440346096139376308e-01 2.066920172862086735e-01 2.752927117503066734e-01 8.569044700978815932e-02 2.147436318174604231e-01 1.697730024553378014e-01 1.824178141846920509e-01 8.024324084404878266e-02
3.509680539401143634e-02 3.106390757578080808e-01 2.699783036245389511e-01 2.796184863864232262e-01 1.414612796349938861e-01 2.079324240754618913e-01 3.408936051502949316e-01 2.082142237021217257e-01 3.024092324128141995e-01 2.721731490658966801e-01 1.612087224622240078e-01 2.270853115028119429e-01 3.052820549831772867e-01 3.340793470257547026e-01 3.678097949288600121e-02 1.172145499731699209e-01 2.830497806521636295e-01 2.206427049206882984e-01 1.000000000000000000e+00 2.859931297087487390e-01 2.779179933454640206e-01 2.162195606534921266e-01 2.930492526732946801e-01 3.501792431292239938e-01 4.336506099246542068e-01 2.474833348067343175e-01 2.668592208779604902e-01 3.362842318574866263e-01 8.648283200478831811e-02 3.037656947635050675e-01 2.136972010573745806e-01 3.803829109578982792e-01 1.137954344565802745e-01 1.753171169395669748e-01 3.631224097824600761e-01 2.631672225946850019e-01 2.838580740173082262e-01 2.906148253322742847e-01 2.996278607010908757e-01 2.088311624585130755e-01 2.537425234510752303e-01 3.054615377016955402e-01 4.093301681980473505e-01 1.067587418530218518e-01 1.509450873066639220e-01 3.095737653199277517e-01 2.986068994938324006e-01 5.140015912269867843e-02
9.277800750709608302e-02 2.402742148780695752e-01 2.833937581098160408e-01 2.707224588187575609e-01 1.581702579165512601e-01 2.445293823851388548e-01 3.402754305513039923e-01 1.951600144900139389e-01 3.278744924264584970e-01 2.324710400325220305e-01 2.253168856852854340e-01 1.669573100929765130e-01 3.104497817094252210e-01 3.165864298223942663e-01 1.048815754446362492e-01 2.237433867352687511e-01 2.189136323114838356e-01 4.409756766852422349e-01 2.859931297087487390e-01 1.000000000000000222e+00 2.635550805008339270e-01 2.002623177531663023e-01 2.318635247855276582e-01 2.925717948607021168e-01 3.195642661009571728e-01 2.086274935583614099e-01 2.063259268016857106e-01 2.925048738196245890e-01 7.200732260803426044e-02 2.568845109588904774e-01 2.145177276418193946e-01 4.271121485308891352e-01 1.296196322280735447e-01 2.159746065624755240e-01 3.662045307136480021e-01 2.437451902787586555e-01 3.570966837361762014e-01 2.248388152724054290e-01 2.973585398127918666e-01 1.704509646916955168e-01 1.980604357068873056e-01 2.067321458098606846e-01 2.910370290255051562e-01 1.048623234212394395e-01 1.492389429789475752e-01 2.491093854340621916e-01 2.459193290406397614e-01 8.863806756085686189e-02
4.673215893301387036e-02 3.944083796664090147e-01 3.369375480280297763e-01 4.250178841311861855e-01 1.705267654970299140e-01 2.153186220414022578e-01 2.316400372863706703e-01 2.026392261364612923e-01 2.922530181282200767e-01 2.653125662659100992e-01 1.933176334739656055e-01 2.483091064893503397e-01 2.806731187342329514e-01 3.390007675766012474e-01 4.287791538349877002e-02 1.012072603493344852e-01 3.792204759172321249e-01 2.026816610656094475e-01 2.779179933454640206e-01 2.635550805008339270e-01 1.000000000000000000e+00 3.085084019729705251e-01 2.596334299991134298e-01 3.648076767670817566e-01 3.557106659788906722e-01 3.845931546198839146e-01 3.841535751794713516e-01 2.850986238042720888e-01 6.948711882229660630e-02 4.645592736165189418e-01 2.190495545035046343e-01 3.135448833640043786e-01 1.336496068649138946e-01 2.183879285262855519e-01 3.871860924977557072e-01 3.754947010759269732e-01 4.690303328616973744e-01 4.117411391601358828e-01 3.090029270271359985e-01 2.818002663384129858e-01 3.489805680026905610e-01 2.036552671207465248e-01 2.349158091302999962e-01 1.102566054517885447e-01 1.718295360825098372e-01 4.347610745398928778e-01 4.111935925677283055e-01 6.092261750118883878e-02
2.469083876351995527e-02 4.117562578243197935e-01 3.325747869212896668e-01 5.687966099555489263e-01 1.354353501427910389e-01 3.293693280524653821e-01 1.822358661945591707e-01 1.473049549304544792e-01 2.415312201766223466e-01 3.336496256850897679e-01 1.600390692502209611e-01 3.256496991045746414e-01 2.226698350085974387e-01 4.236516595243179362e-01 1.653876322112032837e-02 7.844987305024037072e-02 7.006399816155153282e-01 1.440110830722028668e-01 2.162195606534921266e-01 2.002623177531663023e-01 3.085084019729705251e-01 1.000000000000000000e+00 4.820720973704376022e-01 3.232424833417494869e-01 3.063357174792652460e-01 4.626329906962042271e-01 5.112047434323914175e-01 3.549052638490055589e-01 6.848604922933303196e-02 4.533991917998941856e-01 1.786387361646092353e-01 2.333811568515598567e-01 1.011366172441502675e-01 1.597548908107322418e-01 2.886357137420305641e-01 8.018922355523037115e-01 2.530857256308218783e-01 5.269392804943698883e-01 2.430277413311474344e-01 3.285934425460715902e-01 3.857494640158343202e-01 1.816850669258497641e-01 1.755102036704624391e-01 1.041543608955614736e-01 1.418766920379329055e-01 4.860042804297221575e-01 6.072784711132139801e-01 5.390569736587137728e-02
3.735262181452122382e-02 3.036284313864871520e-01 4.217891110064154181e-01 4.127594205448290032e-01 1.588798713115884553e-01 3.621380719524814884e-01 2.815635072841449760e-01 3.657053819698081187e-01 2.793817049711187495e-01 6.273694272206954414e-01 1.512762553195477477e-01 3.679711509477617826e-01 2.345180923961231179e-01 4.557026683426163016e-01 3.278228142184092669e-02 9.904478569923971798e-02 6.013527153534906633e-01 2.586920605768693870e-01 2.930492526732946801e-01 2.318635247855276582e-01 2.596334299991134298e-01 4.820720973704376022e-01 1.000000000000000000e+00 5.955873955869257497e-01 3.424729657407803440e-01 3.299006418461274959e-01 3.990412689622158116e-01 2.186949905508859815e-01 7.179472088005196817e-02 2.786810179108777930e-01 1.514456955794156456e-01 3.756977125088161173e-01 1.302051461034032798e-01 1.763194883537036184e-01 4.387792296086016619e-01 5.867442083960392463e-01 3.262098610239156926e-01 4.188274161277196206e-01 2.905138767645255582e-01 2.416485887774545704e-01 2.727446757890447659e-01 4.014773034000942986e-01 2.884497495141606360e-01 1.220135034522757400e-01 1.810000698546180564e-01 3.151434097937378387e-01 4.934750907567391764e-01 6.469773870514333725e-02
4.047785355711526478e-02 3.530735967275637210e-01 4.458508459455275963e-01 4.182278798192640146e-01 2.046783684310197193e-01 2.419004346722397059e-01 2.847497014739936994e-01 4.745552235452584200e-01 4.408330190009095428e-01 5.566708508642972397e-01 2.333515963063060028e-01 2.664775268267769448e-01 3.151555439730422403e-01 4.001585975164894116e-01 4.074175146754095006e-02 1.207462179684319209e-01 3.347886845779176612e-01 2.854764455797376699e-01 3.501792431292239938e-01 2.925717948607021168e-01 3.648076767670817566e-01 3.232424833417494869e-01 5.955873955869257497e-01 1.000000000000000222e+00 4.020591589851638115e-01 3.006327179562005014e-01 3.230398144980357600e-01 3.028838647108514914e-01 9.017330224599309774e-02 3.675214609016627665e-01 2.583534150732739176e-01 5.025730700723073374e-01 1.676327535164413018e-01 2.406435038085620315e-01 5.293872731564508438e-01 3.934279873132423000e-01 4.742664340436573700e-01 3.454391147967585951e-01 3.351772500108243236e-01 2.747973960974691710e-01 3.222457268781857564e-01 5.145791231160506962e-01 3.667609911281495827e-01 1.416637002005979029e-01 2.125423377813036585e-01 3.769227496737254102e-01 3.761314773832276082e-01 8.146304850743066317e-02
2.830981114766024931e-02 4.624022327833015034e-01 3.455980036820062162e-01 3.863684000510992367e-01 2.257335873941029025e-01 2.672913790780636623e-01 3.726114719090711791e-01 2.596814338375244002e-01 4.480888654356994794e-01 2.677112534823720136e-01 2.222671308500227816e-01 3.145783140366633091e-01 3.531328963249146802e-01 3.796206497129317459e-01 1.698597700835982952e-02 1.210794073747774452e-01 4.250015912109517124e-01 1.927597554529531798e-01 4.336506099246542068e-01 3.195642661009571728e-01 3.557106659788906722e-01 3.063357174792652460e-01 3.424729657407803440e-01 4.020591589851638115e-01 1.000000000000000222e+00 3.014395740414172464e-01 4.052235025340431007e-01 3.406369885928983710e-01 1.164570039745188024e-01 3.951766519386632481e-01 2.298664442272225217e-01 4.182509345168192727e-01 1.832777712333953368e-01 2.169376725048966503e-01 4.268148005724702321e-01 3.728502625151656757e-01 3.462712149558814234e-01 4.385219101422657695e-01 4.242650603665623632e-01 3.497112713959691921e-01 3.988400971734803457e-01 3.460761549063155473e-01 4.320347034154556898e-01 1.854112010939446553e-01 2.411918366754772225e-01 4.843006564957390014e-01 4.741395516979977631e-01 8.583049157980288113e-02
2.401808424492447511e-02 4.336217163699579435e-01 3.606606338992560112e-01 5.666818457502411643e-01 1.149321226909556237e-01 3.596346354496384179e-01 1.942407346220274833e-01 1.619161151611003824e-01 2.609432731731152200e-01 2.122820849948131583e-01 1.442899176524129468e-01 4.825574546551285593e-01 2.353577905924190694e-01 4.369138568348845952e-01 2.407877445372861094e-02 6.509542482446568912e-02 5.625515558254274850e-01 1.720544091971727974e-01 2.474833348067343175e-01 2.086274935583614099e-01 3.845931546198839146e-01 4.626329906962042271e-01 3.299006418461274959e-01 3.006327179562005014e-01 3.014395740414172464e-01 1.000000000000000000e+00 5.563806581294750142e-01 3.447282702885971495e-01 5.325114601911962869e-02 6.595896078685834496e-01 1.748128595769105897e-01 2.596824417411833230e-01 9.203570902499427775e-02 1.779254927262277353e-01 3.276681679950681492e-01 5.630842966946267847e-01 2.578838943184937338e-01 6.174222882322941697e-01 2.987251472754562376e-01 3.070202095312516422e-01 3.987694660928866042e-01 1.816717585843269644e-01 2.004175818787197194e-01 8.565438934557326189e-02 1.307565950142901001e-01 5.078048554177629903e-01 6.250963737164421108e-01 4.184461434593626794e-02
2.002261860092760873e-02 5.437958712548782714e-01 3.444668041781945300e-01 6.338563473094360745e-01 1.778660999510524310e-01 3.734482967759856775e-01 2.085401555615336855e-01 2.132620845149124644e-01 2.808591750382445906e-01 2.032035753663515021e-01 1.591761007624454827e-01 4.101206612220104075e-01 2.283030459702599102e-01 5.110927769043287494e-01 2.132857162130378029e-02 9.460842014139958511e-02 7.031726892568374021e-01 1.525042510418328778e-01 2.668592208779604902e-01 2.063259268016857106e-01 3.841535751794713516e-01 5.112047434323914175e-01 3.990412689622158116e-01 3.230398144980357600e-01 4.052235025340431007e-01 5.563806581294750142e-01 1.000000000000000222e+00 3.775654907145166717e-01 8.075401276868222900e-02 5.946257966958893304e-01 1.722335414155403421e-01 2.482831072693558461e-01 1.375477190586889831e-01 1.749795401284185703e-01 3.271478527864899455e-01 6.222024136009092210e-01 2.693495237705766376e-01 7.641075354048041390e-01 3.341570887645870513e-01 4.439692874114785637e-01 5.269395127695289949e-01 2.188488116746348522e-01 2.173331231347454540e-01 1.368112899489902501e-01 2.131889270830256977e-01 6.402170861948086600e-01 7.778492348610260843e-01 6.010262281780986288e-02
8.911549957543242473e-02 3.655763459459503428e-01 2.481107451346474535e-01 3.972372233260564323e-01 1.369921314477675900e-01 1.761798385775532050e-01 3.478879500568894390e-01 1.711595648471954112e-01 2.819895948181281864e-01 2.121684932682103564e-01 1.418383302396418744e-01 2.774661540528266523e-01 3.154415487323919964e-01 4.293535985933769061e-01 1.193065928698731210e-01 1.327101461104008284e-01 3.647639469375049681e-01 3.196708886544606387e-01 3.362842318574866263e-01 2.925048738196245890e-01 2.850986238042720888e-01 3.549052638490055589e-01 2.186949905508859815e-01 3.028838647108514914e-01 3.406369885928983710e-01 3.447282702885971495e-01 3.775654907145166717e-01 1.000000000000000000e+00 1.839094517645387394e-01 4.192679914901390470e-01 2.320959214877676979e-01 4.109341113305580162e-01 1.007073755094158585e-01 3.686195486737976479e-01 2.890252513557309832e-01 3.710390893819495717e-01 2.728911951126602453e-01 3.986459771790761275e-01 2.343480921177391318e-01 2.874390814332756228e-01 3.932956654591174273e-01 3.981790338085032244e-01 4.050086787811050804e-01 7.834768273391737314e-02 2.041065679763121865e-01 4.298924687261992394e-01 4.095254931574259794e-01 6.212936075613836873e-02
8.143294454016820894e-02 9.650151193801870253e-02 8.248307905653246008e-02 9.922773130006512510e-02 9.202736260806573809e-02 5.895195846556375990e-02 2.068243656026117760e-01 8.641273450045264259e-02 9.450188229295458653e-02 7.308716103376129702e-02 7.738068911543952155e-02 6.267884722570944700e-02 6.184635601459550353e-02 7.702245594249015892e-02 1.184475716093066483e-01 7.512013830136306247e-02 8.198005152682212582e-02 1.669765593210906784e-01 8.648283200478831811e-02 7.200732260803426044e-02 6.948711882229660630e-02 6.848604922933303196e-02 7.179472088005196817e-02 9.017330224599309774e-02 1.164570039745188024e-01 5.325114601911962869e-02 8.075401276868222900e-02 1.839094517645387394e-01 1.000000000000000222e+00 7.741231426190026133e-02 7.321900545287148010e-02 2.085935493250858086e-01 6.131522698713678249e-02 3.529302553401042486e-01 9.088342443101558865e-02 8.335639619141622936e-02 1.006337461470814820e-01 8.458803339223129603e-02 9.742950997381742695e-02 9.237314010304309431e-02 8.366681557137861658e-02 1.559175561891069095e-01 7.619570704568216779e-02 5.713104034811339327e-02 2.050721756998235557e-01 1.005676409158716145e-01 1.009575862892078679e-01 5.281504016501573778e-02
3.364133159566171788e-02 5.668354386741465412e-01 3.215356434720060830e-01 5.623309507222686854e-01 1.670121341382573288e-01 2.405761704176674343e-01 2.540525039341120506e-01 2.148755433612334342e-01 3.399697238939995425e-01 2.602037585951169074e-01 1.872245049176160803e-01 3.599089085299304602e-01 2.820449372317055947e-01 4.780599242310947794e-01 3.131351777335805719e-02 9.620326438216704468e-02 5.592090219591278055e-01 2.150305572781264496e-01 3.037656947635050675e-01 2.568845109588904774e-01 4.645592736165189418e-01 4.533991917998941856e-01 2.786810179108777930e-01 3.675214609016627665e-01 3.951766519386632481e-01 6.595896078685834496e-01 5.946257966958893304e-01 4.192679914901390470e-01 7.741231426190026133e-02 1.000000000000000000e+00 2.195118521985529592e-01 3.124361480903238286e-01 1.352255030437977401e-01 2.164187731676176785e-01 4.009160356411356485e-01 5.518455669414289444e-01 3.233163972942151854e-01 6.118466204610101267e-01 3.768760610488705587e-01 4.378418634062942738e-01 5.297919515853070083e-01 2.254236717585001437e-01 2.460899978673449229e-01 1.242208280824073918e-01 1.853378946077534895e-01 6.707372099717242575e-01 6.238018370653034550e-01 5.997526777944656162e-02
4.931884048865007447e-02 1.907395960904533505e-01 2.531261859611034781e-01 2.684087320563571799e-01 1.265982022198683110e-01 1.502251455741074049e-01 1.946985918600605825e-01 1.478803220791158612e-01 2.738506535351444282e-01 1.735654124469513393e-01 1.938967839856944875e-01 1.376645209199243436e-01 2.544177087430295470e-01 1.979323747492042485e-01 3.545805647446464981e-02 8.850999517268587358e-02 1.663595346142323073e-01 2.008003124183307952e-01 2.136972010573745806e-01 2.145177276418193946e-01 2.190495545035046343e-01 1.786387361646092353e-01 1.514456955794156456e-01 2.583534150732739176e-01 2.298664442272225217e-01 1.748128595769105897e-01 1.722335414155403421e-01 2.320959214877676979e-01 7.321900545287148010e-02 2.195118521985529592e-01 1.000000000000000000e+00 2.473503419653587387e-01 1.079980226503477886e-01 1.656128766726014667e-01 2.425247615182119509e-01 2.174264895469143477e-01 2.949881966388137600e-01 1.716518300120935536e-01 1.827492254198815891e-01 1.784867995511701944e-01 1.697824317243253611e-01 1.407266307430701524e-01 2.439911280043046971e-01 1.004417071385030058e-01 1.466032158124743190e-01 2.229481365076979860e-01 2.024769238473978494e-01 5.243667730502533930e-02
9.688113698027654708e-02 2.899001607792685009e-01 3.913968354159257923e-01 3.273639567796998162e-01 1.827625852963624953e-01 2.299517174735516423e-01 6.530861964231364780e-01 2.873338813772016720e-01 4.392089400213660677e-01 4.239350873077805115e-01 2.048848566654299930e-01 2.108749593787529741e-01 3.324768127278392993e-01 3.899345046612993082e-01 1.122375631582779587e-01 1.213982382745808358e-01 2.641503931092270552e-01 4.862114278095112097e-01 3.803829109578982792e-01 4.271121485308891352e-01 3.135448833640043786e-01 2.333811568515598567e-01 3.756977125088161173e-01 5.025730700723073374e-01 4.182509345168192727e-01 2.596824417411833230e-01 2.482831072693558461e-01 4.109341113305580162e-01 2.085935493250858086e-01 3.124361480903238286e-01 2.473503419653587387e-01 1.000000000000000222e+00 1.284840338016618178e-01 5.614210464062318051e-01 4.674140072831499126e-01 2.840551089315498379e-01 4.041232666528985495e-01 2.725536500252607186e-01 2.952126617536769415e-01 2.125950205317034825e-01 2.415199880404333976e-01 4.869241612303280564e-01 3.863125069033617187e-01 1.061225036573197750e-01 2.758733014014079776e-01 2.946590830169754094e-01 2.948585210278128477e-01 6.313618792281966430e-02
9.763846553244205639e-02 1.508216009315156148e-01 1.208327569224424275e-01 1.295483423889916552e-01 1.649940061169705707e-01 9.475722222457778898e-02 1.154052202406569277e-01 1.371644022218113379e-01 1.844252227340849593e-01 1.171533438587872011e-01 1.390516091921332464e-01 1.034008253210505907e-01 1.327174753147291331e-01 1.230046350735417987e-01 1.249643046704538019e-01 1.327803922557123650e-01 1.310423737555934109e-01 1.078616466750580566e-01 1.137954344565802745e-01 1.296196322280735447e-01 1.336496068649138946e-01 1.011366172441502675e-01 1.302051461034032798e-01 1.676327535164413018e-01 1.832777712333953368e-01 9.203570902499427775e-02 1.375477190586889831e-01 1.007073755094158585e-01 6.131522698713678249e-02 1.352255030437977401e-01 1.079980226503477886e-01 1.284840338016618178e-01 1.000000000000000222e+00 8.603490862864171529e-02 1.623645209287802871e-01 1.230963682579052643e-01 1.443004547663020998e-01 1.352111456457030514e-01 1.494756299522037313e-01 1.423572129009606224e-01 1.337386097330976187e-01 8.902747096321945997e-02 1.038124263600130881e-01 1.444324670537079913e-01 1.276667171278703383e-01 1.598605392684744886e-01 1.598778920622851707e-01 1.104386187313008555e-01
