1.000000000000000000e+00 1.100117407921565177e-01 3.914540847150689284e-01 1.314779010325132225e-01 1.326160403230205453e-01 1.327862807694199787e-01 1.393010682282399826e-01 2.025772798581838841e-01 1.960721250303973096e-01 9.797493964773454356e-02 1.474463447041277631e-01 1.444081556792685683e-01 1.940311910740168400e-01 8.566061676256678248e-02 1.178526477665215177e-01 1.296143288942304406e-01 1.103762953698816940e-01 9.667027236973477211e-02 1.071340144366431241e-01 1.417038229340950029e-01 1.307643101783513839e-01 1.875407582482966629e-01 1.028113880063608737e-01 2.380089510581694656e-01 2.692930913558511108e-01 1.593953111497752040e-01 1.040066588807278675e-01 1.810968129229724444e-01 1.474627210400968058e-01
1.100117407921565177e-01 1.000000000000000000e+00 1.104099615989044963e-01 5.104955260408267081e-01 4.047336933118360625e-01 4.014309752233120587e-01 3.523308349026035846e-01 1.306752225474932250e-01 3.429620574412943768e-01 4.468894226533563496e-01 2.587835974151602159e-01 2.607787273274576600e-01 1.430866084528698845e-01 3.271122817215396661e-01 1.767848043413896286e-01 1.502083328589156608e-01 6.411255056633763383e-01 6.700864614276881293e-01 6.740028662991092157e-01 3.216793483821926425e-01 2.063094745301909672e-01 3.463839829279993232e-01 1.262191889805519551e-01 1.169858535146866968e-01 1.709158974260378827e-01 3.670290420160859379e-01 4.509760776137299310e-01 5.251179570978358191e-01 2.452002096468947345e-01
3.914540847150689284e-01 1.104099615989044963e-01 1.000000000000000222e+00 1.354323021948446726e-01 1.201090207792661901e-01 1.240632571424346436e-01 1.376331751815703386e-01 2.201517590291695026e-01 2.005569235880684253e-01 1.171033948443156447e-01 1.133442506059463561e-01 1.132819480782366883e-01 1.626139257322413989e-01 8.625153003540696195e-02 1.298500484112147801e-01 1.160618348621676732e-01 1.146137100463213432e-01 7.741686349975651638e-02 1.034808414945245780e-01 1.451291636291054954e-01 1.252046948623077582e-01 2.036839843050083088e-01 8.580390088617276256e-02 2.138124684211778204e-01 2.647747283752409087e-01 1.909306543258158795e-01 1.023091791171606146e-01 2.031023989589798573e-01 1.383365722778653606e-01
1.314779010325132225e-01 5.104955260408267081e-01 1.354323021948446726e-01 1.000000000000000000e+00 4.256823576208024762e-01 4.800317181203236361e-01 3.295081254124430648e-01 1.530895275148664025e-01 3.451643445333270610e-01 3.938902472068533389e-01 3.359637128978374965e-01 3.205644089419553144e-01 1.548815911219200148e-01 3.440241402007538363e-01 2.205834068935452474e-01 1.754860304945858041e-01 5.048803998596721465e-01 3.998233638909680088e-01 4.762811420427043863e-01 2.705156120863332903e-01 2.689254786785998941e-01 3.503528840070876393e-01 1.430515985932996337e-01 1.574775986835164898e-01 2.022194268243933946e-01 3.415592581675840900e-01 4.184562263426344630e-01 4.629974210630289910e-01 2.953229413851318763e-01
1.326160403230205453e-01 4.047336933118360625e-01 1.201090207792661901e-01 4.256823576208024762e-01 1.000000000000000222e+00 3.893539930211504796e-01 3.735326542669314964e-01 1.536445547581512527e-01 3.580136410151525950e-01 2.728888686567239596e-01 3.122797374184613228e-01 2.307627350199031036e-01 1.453013836000642267e-01 2.856248004603963442e-01 1.470812205781678039e-01 1.760477642381915453e-01 6.253125555088089316e-01 3.042443617830354330e-01 3.808333181459399586e-01 3.780607441688120240e-01 2.912306077017851047e-01 3.494739737602624019e-01 1.372500000716979640e-01 1.313070706375389363e-01 1.949903676178102729e-01 3.860923662690902147e-01 2.883986975962536947e-01 4.492646620138751046e-01 2.377694387710014012e-01
1.327862807694199787e-01 4.014309752233120587e-01 1.240632571424346436e-01 4.800317181203236361e-01 3.893539930211504796e-01 1.000000000000000222e+00 3.402615583410079081e-01 1.595150986638035062e-01 3.672472145668505550e-01 3.109838338443362549e-01 3.106345514506296257e-01 3.174272400681154571e-01 1.616851561297853734e-01 3.726557478205628771e-01 1.841712039863079853e-01 1.784755586667404192e-01 3.584246384375225913e-01 3.552227021850113409e-01 3.818332325747589295e-01 3.514488206109253610e-01 3.320024422639510364e-01 3.521009134781231120e-01 1.580497198798309633e-01 1.465577942748989004e-01 2.066352120021132388e-01 3.682460728971801989e-01 3.218776230535311811e-01 4.591751054888835171e-01 3.366919428827905292e-01
1.393010682282399826e-01 3.523308349026035846e-01 1.376331751815703386e-01 3.295081254124430648e-01 3.735326542669314964e-01 3.402615583410079081e-01 1.000000000000000222e+00 1.620806072336070658e-01 3.687923267064848187e-01 2.810355162419032604e-01 2.666037378646236577e-01 2.732625219543834971e-01 1.156022914450511307e-01 3.873691151287359524e-01 1.385521737934277409e-01 1.449888118971295881e-01 3.074920117629569849e-01 2.560267925695870472e-01 3.980527422084286227e-01 2.933841413130812148e-01 1.759244705023556288e-01 3.121628469069506751e-01 9.506652126071739317e-02 1.182597074739654558e-01 2.011387129775298044e-01 5.342722212634284373e-01 2.875216064007981576e-01 4.093002919218638458e-01 1.929951022405237693e-01
2.025772798581838841e-01 1.306752225474932250e-01 2.201517590291695026e-01 1.530895275148664025e-01 1.536445547581512527e-01 1.595150986638035062e-01 1.620806072336070658e-01 1.000000000000000222e+00 1.981144038477551383e-01 1.192036983617460466e-01 1.224199156268716560e-01 1.206073680486430960e-01 1.162101385581793961e-01 8.764780195713209321e-02 1.330505913025707976e-01 1.189766910317906629e-01 1.432978265679392404e-01 1.018420219228920870e-01 1.164798263567883851e-01 1.916747491037856799e-01 1.553681120782987590e-01 1.787945660267686310e-01 9.118648152379153771e-02 1.831828589544766128e-01 5.299032926831438450e-01 1.479427335792387332e-01 1.264785606642858107e-01 1.935899066158752180e-01 1.753646847745845838e-01
1.960721250303973096e-01 3.429620574412943768e-01 2.005569235880684253e-01 3.451643445333270610e-01 3.580136410151525950e-01 3.672472145668505550e-01 3.687923267064848187e-01 1.981144038477551383e-01 1.000000000000000000e+00 3.289044926265979885e-01 2.065563208082937807e-01 2.002127680908833418e-01 1.647442342981024488e-01 3.064071283101032495e-01 1.434360958341646120e-01 1.505855748858404841e-01 4.164377936096371191e-01 3.432288029354580439e-01 3.997076005799000686e-01 3.962226274576894358e-01 3.932633633024217867e-01 4.327251408491967766e-01 1.091667408101014425e-01 1.577168243985001550e-01 2.411367802356549905e-01 4.076352576453337040e-01 2.371145445060860446e-01 5.118595204099011253e-01 2.869661853335438439e-01
9.797493964773454356e-02 4.468894226533563496e-01 1.171033948443156447e-01 3.938902472068533389e-01 2.728888686567239596e-01 3.109838338443362549e-01 2.810355162419032604e-01 1.192036983617460466e-01 3.289044926265979885e-01 1.000000000000000000e+00 2.508828303800467174e-01 3.219076771867607767e-01 1.048812196079565440e-01 3.657960406066984027e-01 1.963185731167162995e-01 2.012906892219588073e-01 4.784695452597507725e-01 3.482992992476162120e-01 4.516298973437095632e-01 2.735352644959966883e-01 2.705411181154911970e-01 4.011807746196677238e-01 1.424823708773258479e-01 1.298080540917669334e-01 1.107734678185329086e-01 2.648134552760064708e-01 3.828471655245127003e-01 5.659558230780408206e-01 2.918920685107215807e-01
1.474463447041277631e-01 2.587835974151602159e-01 1.133442506059463561e-01 3.359637128978374965e-01 3.122797374184613228e-01 3.106345514506296257e-01 2.666037378646236577e-01 1.224199156268716560e-01 2.065563208082937807e-01 2.508828303800467174e-01 1.000000000000000222e+00 5.101138799178114303e-01 1.599339791597754468e-01 3.695753487677503335e-01 1.926406131514128151e-01 1.891676337203102853e-01 2.903251654031025475e-01 1.681446703519191843e-01 2.384069643280081752e-01 2.547224101807974428e-01 2.021880859025908528e-01 2.264896047396352530e-01 1.889996607956729302e-01 1.691007387570941101e-01 1.549651372578938480e-01 2.111738804784520640e-01 2.826248863952369739e-01 2.658539354519485753e-01 2.382170311123589512e-01
1.444081556792685683e-01 2.607787273274576600e-01 1.132819480782366883e-01 3.205644089419553144e-01 2.307627350199031036e-01 3.174272400681154571e-01 2.732625219543834971e-01 1.206073680486430960e-01 2.002127680908833418e-01 3.219076771867607767e-01 5.101138799178114303e-01 1.000000000000000222e+00 1.639075836663760055e-01 4.399681861053035270e-01 2.452672986842527048e-01 2.334603359019436775e-01 2.590331328953727752e-01 1.982183804984801456e-01 2.014097487129303810e-01 2.792677911912931910e-01 2.844956831520472074e-01 3.080937183609256391e-01 2.166329677331528536e-01 1.878152642463368494e-01 1.540634039791669574e-01 1.734767188560062956e-01 3.857601330511643556e-01 2.642233839648127081e-01 3.692478742088804999e-01
1.940311910740168400e-01 1.430866084528698845e-01 1.626139257322413989e-01 1.548815911219200148e-01 1.453013836000642267e-01 1.616851561297853734e-01 1.156022914450511307e-01 1.162101385581793961e-01 1.647442342981024488e-01 1.048812196079565440e-01 1.599339791597754468e-01 1.639075836663760055e-01 1.000000000000000222e+00 1.115834171017395238e-01 1.050669610650428049e-01 1.194439732590982239e-01 1.471714401990044940e-01 1.010494550146789627e-01 1.168932005293043669e-01 1.445034873487573146e-01 1.259803738313969301e-01 1.892831210919904417e-01 1.191400671669811950e-01 1.593069158481128511e-01 2.208562076595566304e-01 1.674196985624582246e-01 1.234296734220252934e-01 2.006200481467879937e-01 1.391529437142341730e-01
8.566061676256678248e-02 3.271122817215396661e-01 8.625153003540696195e-02 3.440241402007538363e-01 2.856248004603963442e-01 3.726557478205628771e-01 3.873691151287359524e-01 8.764780195713209321e-02 3.064071283101032495e-01 3.657960406066984027e-01 3.695753487677503335e-01 4.399681861053035270e-01 1.115834171017395238e-01 1.000000000000000000e+00 1.785805851785805809e-01 1.284580888944572008e-01 3.279703807106356117e-01 2.701951120603001133e-01 4.084762318567153883e-01 2.650726708714274404e-01 2.018368502170614087e-01 3.247034645223127458e-01 1.150848510965010313e-01 1.111585858341186395e-01 1.416010792013393249e-01 4.603577476063334117e-01 3.017241713564020600e-01 3.941978460888712066e-01 2.289227107444790632e-01
1.178526477665215177e-01 1.767848043413896286e-01 1.298500484112147801e-01 2.205834068935452474e-01 1.470812205781678039e-01 1.841712039863079853e-01 1.385521737934277409e-01 1.330505913025707976e-01 1.434360958341646120e-01 1.963185731167162995e-01 1.926406131514128151e-01 2.452672986842527048e-01 1.050669610650428049e-01 1.785805851785805809e-01 1.000000000000000000e+00 1.680291635821966334e-01 1.683190799568867191e-01 1.154550913778992494e-01 1.324420465384316126e-01 1.976074436554387803e-01 2.157066458443756829e-01 1.937136637690367313e-01 1.369028798219954490e-01 2.315277180343324748e-01 1.395143725987935679e-01 1.289158006909577880e-01 2.465271533347631605e-01 1.600920214485645199e-01 2.642551028223396603e-01
1.296143288942304406e-01 1.502083328589156608e-01 1.160618348621676732e-01 1.754860304945858041e-01 1.760477642381915453e-01 1.784755586667404192e-01 1.449888118971295881e-01 1.189766910317906629e-01 1.505855748858404841e-01 2.012906892219588073e-01 1.891676337203102853e-01 2.334603359019436775e-01 1.194439732590982239e-01 1.284580888944572008e-01 1.680291635821966334e-01 1.000000000000000000e+00 1.737999765102946625e-01 1.426068121313426307e-01 1.245343239941353597e-01 1.781597765406937040e-01 1.614472437094527368e-01 1.701941433470875453e-01 1.455263345991999469e-01 1.456732649015976266e-01 1.368407695131991508e-01 1.288108906132049425e-01 1.952452925920967475e-01 1.708007223539840524e-01 2.285839390866200305e-01
1.103762953698816940e-01 6.411255056633763383e-01 1.146137100463213432e-01 5.048803998596721465e-01 6.253125555088089316e-01 3.584246384375225913e-01 3.074920117629569849e-01 1.432978265679392404e-01 4.164377936096371191e-01 4.784695452597507725e-01 2.903251654031025475e-01 2.590331328953727752e-01 1.471714401990044940e-01 3.279703807106356117e-01 1.683190799568867191e-01 1.737999765102946625e-01 1.000000000000000000e+00 4.911966207729370759e-01 5.887520924138381906e-01 3.050707279098652247e-01 3.052876456562550467e-01 3.490506691916024362e-01 1.222099265211598340e-01 1.221383279366564517e-01 1.664944229321256297e-01 3.114738799372613332e-01 3.806760164363852117e-01 5.206057506249694988e-01 2.571239706756902055e-01
9.667027236973477211e-02 6.700864614276881293e-01 7.741686349975651638e-02 3.998233638909680088e-01 3.042443617830354330e-01 3.552227021850113409e-01 2.560267925695870472e-01 1.018420219228920870e-01 3.432288029354580439e-01 3.482992992476162120e-01 1.681446703519191843e-01 1.982183804984801456e-01 1.010494550146789627e-01 2.701951120603001133e-01 1.154550913778992494e-01 1.426068121313426307e-01 4.911966207729370759e-01 1.000000000000000000e+00 5.750282544765633608e-01 2.773725104072863323e-01 1.374657274271164353e-01 2.806217472195411400e-01 8.795380941253883034e-02 8.627474043814643834e-02 1.116712778458556765e-01 2.688229220217952520e-01 3.566571434051701295e-01 3.868779525243320472e-01 1.621818418303257736e-01
1.071340144366431241e-01 6.740028662991092157e-01 1.034808414945245780e-01 4.762811420427043863e-01 3.808333181459399586e-01 3.818332325747589295e-01 3.980527422084286227e-01 1.164798263567883851e-01 3.997076005799000686e-01 4.516298973437095632e-01 2.384069643280081752e-01 2.014097487129303810e-01 1.168932005293043669e-01 4.084762318567153883e-01 1.324420465384316126e-01 1.245343239941353597e-01 5.887520924138381906e-01 5.750282544765633608e-01 1.000000000000000000e+00 2.443557602974248122e-01 1.627107985439720239e-01 2.953491519260078024e-01 1.083367171882277102e-01 1.011815240537438654e-01 1.669327158314029003e-01 5.066116410306676920e-01 3.634016610168669392e-01 5.366691873491303832e-01 2.059313199270583206e-01
1.417038229340950029e-01 3.216793483821926425e-01 1.451291636291054954e-01 2.705156120863332903e-01 3.780607441688120240e-01 3.514488206109253610e-01 2.933841413130812148e-01 1.916747491037856799e-01 3.962226274576894358e-01 2.735352644959966883e-01 2.547224101807974428e-01 2.792677911912931910e-01 1.445034873487573146e-01 2.650726708714274404e-01 1.976074436554387803e-01 1.781597765406937040e-01 3.050707279098652247e-01 2.773725104072863323e-01 2.443557602974248122e-01 1.000000000000000000e+00 3.036584924668737639e-01 3.857064030322154280e-01 1.358254907114412324e-01 1.350062479810906491e-01 1.766307217633197313e-01 2.773414529116537963e-01 2.827627352015867901e-01 3.804800724843687698e-01 2.854081946476513809e-01
1.307643101783513839e-01 2.063094745301909672e-01 1.252046948623077582e-01 2.689254786785998941e-01 2.912306077017851047e-01 3.320024422639510364e-01 1.759244705023556288e-01 1.553681120782987590e-01 3.932633633024217867e-01 2.705411181154911970e-01 2.021880859025908528e-01 2.844956831520472074e-01 1.259803738313969301e-01 2.018368502170614087e-01 2.157066458443756829e-01 1.614472437094527368e-01 3.052876456562550467e-01 1.374657274271164353e-01 1.627107985439720239e-01 3.036584924668737639e-01 1.000000000000000222e+00 3.395979607220425689e-01 1.484753115332719253e-01 1.321914585561123623e-01 1.407398862596367928e-01 1.392067681127633350e-01 2.709434408012549311e-01 2.893227128770123335e-01 4.310652008942922331e-01
1.875407582482966629e-01 3.463839829279993232e-01 2.036839843050083088e-01 3.503528840070876393e-01 3.494739737602624019e-01 3.521009134781231120e-01 3.121628469069506751e-01 1.787945660267686310e-01 4.327251408491967766e-01 4.011807746196677238e-01 2.264896047396352530e-01 3.080937183609256391e-01 1.892831210919904417e-01 3.247034645223127458e-01 1.937136637690367313e-01 1.701941433470875453e-01 3.490506691916024362e-01 2.806217472195411400e-01 2.953491519260078024e-01 3.857064030322154280e-01 3.395979607220425689e-01 1.000000000000000000e+00 1.284232600251008771e-01 2.044540642891016224e-01 2.423867700873712228e-01 3.560671491702477320e-01 3.256545740731865979e-01 5.231318581975408222e-01 2.765035865499607115e-01
1.028113880063608737e-01 1.262191889805519551e-01 8.580390088617276256e-02 1.430515985932996337e-01 1.372500000716979640e-01 1.580497198798309633e-01 9.506652126071739317e-02 9.118648152379153771e-02 1.091667408101014425e-01 1.424823708773258479e-01 1.889996607956729302e-01 2.166329677331528536e-01 1.191400671669811950e-01 1.150848510965010313e-01 1.369028798219954490e-01 1.455263345991999469e-01 1.222099265211598340e-01 8.795380941253883034e-02 1.083367171882277102e-01 1.358254907114412324e-01 1.484753115332719253e-01 1.284232600251008771e-01 1.000000000000000222e+00 1.127084100068005967e-01 1.010043732700752345e-01 8.277360273447514905e-02 1.741424523429584981e-01 1.222668553995421847e-01 1.924423949839953740e-01
2.380089510581694656e-01 1.169858535146866968e-01 2.138124684211778204e-01 1.574775986835164898e-01 1.313070706375389363e-01 1.465577942748989004e-01 1.182597074739654558e-01 1.831828589544766128e-01 1.577168243985001550e-01 1.298080540917669334e-01 1.691007387570941101e-01 1.878152642463368494e-01 1.593069158481128511e-01 1.111585858341186395e-01 2.315277180343324748e-01 1.456732649015976266e-01 1.221383279366564517e-01 8.627474043814643834e-02 1.011815240537438654e-01 1.350062479810906491e-01 1.321914585561123623e-01 2.044540642891016224e-01 1.127084100068005967e-01 1.000000000000000000e+00 2.506307309993195953e-01 1.563059274448372893e-01 1.711563205329685311e-01 1.791335085184199705e-01 1.489610045567322516e-01
2.692930913558511108e-01 1.709158974260378827e-01 2.647747283752409087e-01 2.022194268243933946e-01 1.949903676178102729e-01 2.066352120021132388e-01 2.011387129775298044e-01 5.299032926831438450e-01 2.411367802356549905e-01 1.107734678185329086e-01 1.549651372578938480e-01 1.540634039791669574e-01 2.208562076595566304e-01 1.416010792013393249e-01 1.395143725987935679e-01 1.368407695131991508e-01 1.664944229321256297e-01 1.116712778458556765e-01 1.669327158314029003e-01 1.766307217633197313e-01 1.407398862596367928e-01 2.423867700873712228e-01 1.010043732700752345e-01 2.506307309993195953e-01 1.000000000000000000e+00 2.562844175351263187e-01 1.435988899407166508e-01 2.805427528462197673e-01 1.816162833785386066e-01
1.593953111497752040e-01 3.670290420160859379e-01 1.909306543258158795e-01 3.415592581675840900e-01 3.860923662690902147e-01 3.682460728971801989e-01 5.342722212634284373e-01 1.479427335792387332e-01 4.076352576453337040e-01 2.648134552760064708e-01 2.111738804784520640e-01 1.734767188560062956e-01 1.674196985624582246e-01 4.603577476063334117e-01 1.289158006909577880e-01 1.288108906132049425e-01 3.114738799372613332e-01 2.688229220217952520e-01 5.066116410306676920e-01 2.773414529116537963e-01 1.392067681127633350e-01 3.560671491702477320e-01 8.277360273447514905e-02 1.563059274448372893e-01 2.562844175351263187e-01 1.000000000000000000e+00 2.510824628932246116e-01 5.021337873563902487e-01 1.565687175412447396e-01
1.040066588807278675e-01 4.509760776137299310e-01 1.023091791171606146e-01 4.184562263426344630e-01 2.883986975962536947e-01 3.218776230535311811e-01 2.875216064007981576e-01 1.264785606642858107e-01 2.371145445060860446e-01 3.828471655245127003e-01 2.826248863952369739e-01 3.857601330511643556e-01 1.234296734220252934e-01 3.017241713564020600e-01 2.465271533347631605e-01 1.952452925920967475e-01 3.806760164363852117e-01 3.566571434051701295e-01 3.634016610168669392e-01 2.827627352015867901e-01 2.709434408012549311e-01 3.256545740731865979e-01 1.741424523429584981e-01 1.711563205329685311e-01 1.435988899407166508e-01 2.510824628932246116e-01 1.000000000000000222e+00 3.393819826615052659e-01 3.504404780182742707e-01
1.810968129229724444e-01 5.251179570978358191e-01 2.031023989589798573e-01 4.629974210630289910e-01 4.492646620138751046e-01 4.591751054888835171e-01 4.093002919218638458e-01 1.935899066158752180e-01 5.118595204099011253e-01 5.659558230780408206e-01 2.658539354519485753e-01 2.642233839648127081e-01 2.006200481467879937e-01 3.941978460888712066e-01 1.600920214485645199e-01 1.708007223539840524e-01 5.206057506249694988e-01 3.868779525243320472e-01 5.366691873491303832e-01 3.804800724843687698e-01 2.893227128770123335e-01 5.231318581975408222e-01 1.222668553995421847e-01 1.791335085184199705e-01 2.805427528462197673e-01 5.021337873563902487e-01 3.393819826615052659e-01 1.000000000000000000e+00 2.965447359651698922e-01
1.474627210400968058e-01 2.452002096468947345e-01 1.383365722778653606e-01 2.953229413851318763e-01 2.377694387710014012e-01 3.366919428827905292e-01 1.929951022405237693e-01 1.753646847745845838e-01 2.869661853335438439e-01 2.918920685107215807e-01 2.382170311123589512e-01 3.692478742088804999e-01 1.391529437142341730e-01 2.289227107444790632e-01 2.642551028223396603e-01 2.285839390866200305e-01 2.571239706756902055e-01 1.621818418303257736e-01 2.059313199270583206e-01 2.854081946476513809e-01 4.310652008942922331e-01 2.765035865499607115e-01 1.924423949839953740e-01 1.489610045567322516e-01 1.816162833785386066e-01 1.565687175412447396e-01 3.504404780182742707e-01 2.965447359651698922e-01 1.000000000000000222e+00
