1.000000000000000000e+00 6.716819367911543159e-02 8.110013521002079617e-02 4.887227741559078270e-02 8.021711559564637106e-02 1.782374681864283272e-01 7.156190142376329943e-02 1.954971976012981061e-01 1.058081708016810479e-01 1.375936750192302827e-01 2.050214464394528591e-01 9.611756418272381086e-02 6.213814417347377633e-02 2.903018804873563896e-02 9.058549673994832629e-02 1.287983201905208430e-01 1.066576326353419618e-01 1.609452053420457052e-01 1.812203408413102790e-01 4.426044293435962840e-02 2.521138966684889349e-01 5.500170497273275394e-02 7.359679086489477606e-02 2.092462816018725302e-02 1.266522288668050222e-01 1.258471285659242822e-01 6.846642588061474521e-02 1.324130466695164730e-02 1.765528776997584426e-01 1.133351867921287420e-01 1.982216375524711513e-02 1.235169745790760665e-01 1.531932874626510122e-01 1.769461239974750300e-01 1.910067764707030491e-01 8.068029043317588578e-02 2.191025015541187351e-02
6.716819367911543159e-02 1.000000000000000000e+00 5.773962233675578037e-02 9.928376636618943540e-02 9.224790067026716889e-02 3.540405722232725649e-02 3.211437434090010784e-02 2.115659128671166719e-02 3.443969096637957555e-02 5.778233816956195035e-02 6.958863534340019308e-02 7.966148691702487628e-02 9.681092816283834446e-02 8.337676778804249678e-02 8.451505788303888267e-02 1.322486642289362468e-02 1.212663592375825411e-01 3.770420217447973538e-02 4.537634470303678058e-02 1.124793731479835218e-01 5.329293812832091443e-02 3.097464285385239172e-02 6.241081989110362771e-02 7.047624240300197351e-02 4.898731167873022346e-02 1.010069025574546198e-01 2.091076164727667941e-01 1.814607132920353222e-02 1.940139094972315528e-02 7.423033056680049258e-02 4.474567374286960580e-02 7.476937758063186001e-02 2.591860568161663547e-02 1.498788207476058898e-01 2.105752398778513654e-02 5.735533157323213782e-02 1.139675434393826181e-01
8.110013521002079617e-02 5.773962233675578037e-02 1.000000000000000222e+00 1.370191943778798493e-01 9.913808067624726994e-02 1.179702248128322306e-01 1.330848397373491643e-01 1.604634714482442992e-01 7.780939890537803827e-02 1.236382597707285924e-01 2.518883543980609541e-01 6.149227625743064474e-02 7.215569509717076335e-02 6.054294343038697096e-02 6.792189300249619477e-02 2.256203862965281137e-01 5.173907371333288235e-02 1.252890105191979686e-01 2.265835639561939729e-01 5.132125115866719572e-02 2.487082399850105152e-01 6.544144815675558002e-02 6.485643300817794943e-02 6.175662135085197534e-03 7.411028725902991943e-02 5.663592670108560934e-02 8.362528700520688307e-02 3.939175763016721475e-03 1.765219927228105778e-01 1.174960339078176264e-01 3.363957157927361524e-02 1.018033983106954726e-01 1.766700788529808885e-01 1.822180465305249242e-01 1.022708349545814466e-01 4.199522434981756147e-02 2.683813092066095370e-03
4.887227741559078270e-02 9.928376636618943540e-02 1.370191943778798493e-01 1.000000000000000222e+00 5.177683771780301064e-02 8.178404684056653218e-02 4.635042345208972153e-02 8.945141101037713816e-02 3.463534123626998973e-02 5.621112017062254718e-02 2.212153752109496385e-01 2.725053812694900116e-02 6.732189490996338954e-02 3.143719319176584148e-02 7.119882059560546372e-02 1.513552272801572951e-01 8.347631808517819163e-02 6.449555129412026799e-02 7.416120567312105283e-02 6.206992491671162876e-02 7.940033937775795025e-02 3.843799101383853917e-02 7.916699940693103232e-02 2.721799166770875675e-02 3.992443242446029605e-02 6.215292631631590126e-02 1.071329105968044093e-01 4.676273047954412898e-03 5.964194662392627994e-02 5.687731019001768945e-02 8.764310830732433347e-03 5.168876626801255370e-02 8.107097561240061978e-02 1.437643126980231167e-01 6.219525758141662697e-02 4.021582350419529439e-02 3.681413950649409239e-02
8.021711559564637106e-02 9.224790067026716889e-02 9.913808067624726994e-02 5.177683771780301064e-02 1.000000000000000222e+00 9.071651655594030472e-02 3.353789924548019469e-02 6.265174295850778341e-02 7.317514984004724887e-02 7.004420292319935015e-02 8.032997419311579956e-02 8.950444017256024842e-02 1.763082072106493814e-01 1.141224678496869788e-01 6.715524960346161421e-02 7.309792755734198511e-02 9.930471565350208751e-02 9.104658959059304391e-02 9.987587287108096179e-02 8.273864343714255887e-02 1.089678662642674517e-01 1.363002633387892237e-01 6.399741470472808391e-02 2.012309440440863267e-02 6.721998561075685774e-02 8.214031957119685701e-02 1.175547563070805240e-01 2.035073835999516925e-02 9.046921538974911359e-02 1.179180929265584987e-01 3.510979577932888535e-02 1.333588889047835901e-01 4.720233491074995319e-02 1.243893034689628196e-01 7.155302996359738654e-02 6.370696438228538871e-02 1.794845767848459936e-02
1.782374681864283272e-01 3.540405722232725649e-02 1.179702248128322306e-01 8.178404684056653218e-02 9.071651655594030472e-02 1.000000000000000222e+00 1.216502609578267446e-01 1.440017781244363193e-01 1.299663617376619895e-01 1.293270443954919191e-01 1.769796792158024323e-01 6.058929994178837569e-02 7.118642572650919764e-02 2.380209063874172415e-02 1.456909458351046127e-01 1.774837554301115505e-01 3.375436242391642583e-02 3.035331025521577075e-01 2.357606958062033187e-01 2.782970177168135259e-02 2.580126165074684841e-01 1.011526152168561454e-01 1.016972535119494564e-01 1.388393621564413573e-02 1.201819794284031545e-01 5.298420616945664213e-02 1.350660963377057766e-01 2.743418827421152933e-03 2.788194812044378912e-01 2.321209418243783129e-01 1.390884189145265293e-02 2.254129985627856547e-01 1.324498099036475196e-01 2.178161120219187785e-01 2.752581688276364846e-01 4.443787034590580137e-02 1.788863437073773613e-02
7.156190142376329943e-02 3.211437434090010784e-02 1.330848397373491643e-01 4.635042345208972153e-02 3.353789924548019469e-02 1.216502609578267446e-01 1.000000000000000000e+00 1.149996549087378833e-01 4.765218576405472889e-02 5.895758185761613285e-02 1.351098158689538198e-01 2.669505236041243637e-02 3.390915947774891803e-02 2.602035071139678635e-02 5.201751190370472455e-02 1.135339799330426919e-01 3.098258933258654993e-02 1.154618927463388761e-01 2.290352370693896356e-01 1.224476658531339218e-02 1.635387978533894004e-01 2.214481079612607220e-02 2.815245794444240501e-02 1.587653937837433214e-03 6.526924140544208830e-02 3.997357331684212034e-02 4.876999228848724610e-02 3.939585861731109868e-03 1.056806366313081530e-01 9.551247517425791311e-02 8.344865023368668033e-03 7.780791921995462712e-02 1.004951873226721804e-01 1.260573206953449210e-01 1.043825973835711685e-01 3.167112892044200712e-02 5.386002008904498643e-03
1.954971976012981061e-01 2.115659128671166719e-02 1.604634714482442992e-01 8.945141101037713816e-02 6.265174295850778341e-02 1.440017781244363193e-01 1.149996549087378833e-01 1.000000000000000000e+00 7.566461739282286103e-02 1.157849129044511566e-01 3.532376149728753689e-01 8.492387360608519287e-02 4.608124764856994654e-02 4.168548215658463008e-02 8.000131013990197104e-02 3.232340947422131516e-01 8.465161040293965600e-02 1.422585276902526841e-01 2.092416406461483080e-01 2.258535851705906553e-02 3.327450252980072021e-01 4.262076427237145720e-02 6.970884406146073131e-02 1.140732460618915090e-02 9.997703072187937023e-02 1.008077106003690271e-01 5.838682471027580034e-02 9.965559706331254472e-03 1.607917544173102231e-01 1.186600805946703974e-01 2.655551785700604323e-02 9.777397137038819352e-02 3.114368397189778426e-01 1.582874534139502576e-01 1.649841245252652022e-01 6.063136647898938192e-02 7.273422821238563138e-03
1.058081708016810479e-01 3.443969096637957555e-02 7.780939890537803827e-02 3.463534123626998973e-02 7.317514984004724887e-02 1.299663617376619895e-01 4.765218576405472889e-02 7.566461739282286103e-02 1.000000000000000222e+00 5.906888986504352929e-02 1.268010803410186960e-01 7.837738712786514184e-02 5.762404330531221280e-02 2.541859783411174259e-02 6.201791374318720018e-02 9.941565514880282284e-02 4.168420020761998829e-02 1.867272127523808833e-01 1.199639781659303239e-01 3.318967137495367620e-02 1.232908824551861987e-01 4.665288069867661036e-02 4.067165670381647086e-02 2.371236126379115683e-02 9.443754615567170885e-02 4.447154636497720887e-02 7.820780107642402723e-02 7.459931103932419469e-03 2.214072921700364349e-01 1.054840310255777680e-01 4.205508764103421671e-02 9.375643893038582144e-02 1.210972659055640499e-01 1.599561855498378982e-01 2.074112421315690569e-01 2.935936805641249647e-02 3.097851440359204733e-02
1.375936750192302827e-01 5.778233816956195035e-02 1.236382597707285924e-01 5.621112017062254718e-02 7.004420292319935015e-02 1.293270443954919191e-01 5.895758185761613285e-02 1.157849129044511566e-01 5.906888986504352929e-02 1.000000000000000000e+00 1.320697244366866308e-01 4.158751515509435254e-02 5.121033074565155274e-02 4.179915768483807859e-02 8.298042062255510387e-02 8.737602466299157489e-02 9.057297310553139025e-02 8.275911258852983177e-02 1.326914489073224290e-01 5.488476301807131141e-02 1.347868297926777537e-01 5.838544327349534657e-02 1.001568601177530438e-01 2.341859516458218854e-02 6.021510438155658340e-02 1.858020510978487527e-01 4.872049266059252925e-02 1.130889714614723672e-02 1.169761239938613417e-01 1.035082471685061789e-01 1.271540576635558223e-02 1.111514536016957322e-01 1.044056643953629460e-01 1.190763095410756894e-01 9.965077912950616457e-02 8.810660118896891657e-02 3.169402838783224458e-02
2.050214464394528591e-01 6.958863534340019308e-02 2.518883543980609541e-01 2.212153752109496385e-01 8.032997419311579956e-02 1.769796792158024323e-01 1.351098158689538198e-01 3.532376149728753689e-01 1.268010803410186960e-01 1.320697244366866308e-01 1.000000000000000222e+00 9.451021889204196114e-02 6.645103002348885790e-02 5.181040677010012585e-02 9.019938359456929067e-02 4.472998438945351984e-01 4.843515900554946213e-02 1.904054109865503108e-01 2.237988111482241138e-01 3.790864838989629892e-02 2.526172376109954709e-01 4.575831717362879164e-02 7.861855272180828802e-02 7.925845004584777809e-03 1.090468690179845490e-01 6.344659926925169668e-02 8.820262319638011439e-02 3.154602920746784646e-03 2.170315179331782363e-01 1.502834886485172050e-01 4.786129527955310797e-02 1.337164702525539817e-01 1.785661763076996922e-01 2.213758372337461811e-01 1.906236537247794072e-01 4.918442035773530618e-02 7.510131182002773714e-03
9.611756418272381086e-02 7.966148691702487628e-02 6.149227625743064474e-02 2.725053812694900116e-02 8.950444017256024842e-02 6.058929994178837569e-02 2.669505236041243637e-02 8.492387360608519287e-02 7.837738712786514184e-02 4.158751515509435254e-02 9.451021889204196114e-02 1.000000000000000000e+00 7.635045944459716016e-02 5.570235817802960537e-02 6.381217623959266338e-02 4.782538086321488219e-02 1.114479242947248733e-01 7.618686663142394677e-02 1.003232236208636829e-01 7.677642266276689387e-02 1.235183640788542481e-01 5.556452507936740504e-02 4.496414647617567872e-02 3.164724213025285615e-02 4.587122648832169663e-02 9.354954390831562994e-02 9.413839360811372681e-02 2.451342619519292915e-02 5.322674317665886112e-02 1.046041201607553484e-01 4.215706130721089129e-02 1.131601168977674765e-01 7.799164906608964387e-02 1.310680553725422082e-01 7.686398270094001173e-02 6.365392525033096438e-02 3.603054985766716151e-02
6.213814417347377633e-02 9.681092816283834446e-02 7.215569509717076335e-02 6.732189490996338954e-02 1.763082072106493814e-01 7.118642572650919764e-02 3.390915947774891803e-02 4.608124764856994654e-02 5.762404330531221280e-02 5.121033074565155274e-02 6.645103002348885790e-02 7.635045944459716016e-02 1.000000000000000000e+00 2.052827084371373623e-01 5.962840196766138606e-02 4.949681162771706749e-02 7.409070430231932958e-02 9.072761959380469532e-02 7.947162189203320348e-02 9.601825168935598787e-02 7.846049879707088504e-02 4.139278460106550483e-02 4.736218702607706416e-02 3.676315361491022671e-02 3.507497285008955024e-02 6.529182971167406258e-02 1.215936454789898202e-01 1.687930081547783095e-02 6.193700313490281550e-02 1.039780449962824510e-01 7.605625711051742198e-03 7.149416938529069843e-02 4.652362248917017717e-02 1.362235939238083948e-01 6.413026296391415026e-02 5.243560310988954615e-02 3.089398376035674271e-02
2.903018804873563896e-02 8.337676778804249678e-02 6.054294343038697096e-02 3.143719319176584148e-02 1.141224678496869788e-01 2.380209063874172415e-02 2.602035071139678635e-02 4.168548215658463008e-02 2.541859783411174259e-02 4.179915768483807859e-02 5.181040677010012585e-02 5.570235817802960537e-02 2.052827084371373623e-01 1.000000000000000222e+00 2.461904481954012985e-02 4.793502435252381538e-02 6.954454784361525921e-02 2.400508173121177272e-02 7.789308491355934061e-02 1.045719195238944410e-01 4.839263001944021925e-02 4.647779113383648103e-02 3.074128380434430416e-02 2.655815952808115651e-02 3.827191434657875591e-02 7.373943089270128259e-02 7.151776737561259256e-02 2.918553431335500076e-02 1.206500827853166855e-02 6.200598620481085482e-02 1.228175153333666350e-02 5.298302567086051601e-02 2.501288522546994686e-02 9.029295870240873489e-02 1.582936260425880232e-02 4.017146899208213356e-02 2.718670105645740881e-02
9.058549673994832629e-02 8.451505788303888267e-02 6.792189300249619477e-02 7.119882059560546372e-02 6.715524960346161421e-02 1.456909458351046127e-01 5.201751190370472455e-02 8.000131013990197104e-02 6.201791374318720018e-02 8.298042062255510387e-02 9.019938359456929067e-02 6.381217623959266338e-02 5.962840196766138606e-02 2.461904481954012985e-02 1.000000000000000000e+00 7.717403886508487909e-02 7.630314752439319725e-02 1.219609138650161601e-01 1.252664512849176737e-01 3.759596053181393088e-02 1.246121462851373790e-01 4.686130090911078128e-02 6.303724211818131917e-02 1.452657902403629506e-02 9.608889925241742569e-02 8.032930854893956252e-02 1.686171217468271644e-01 2.399831794013879659e-03 1.113531848763400917e-01 1.171676411686865121e-01 9.661956542602238504e-03 1.368738943411771103e-01 7.127646579861296461e-02 1.221750948411696597e-01 1.207430393879760366e-01 6.007105238980761652e-02 6.515436613785792475e-02
1.287983201905208430e-01 1.322486642289362468e-02 2.256203862965281137e-01 1.513552272801572951e-01 7.309792755734198511e-02 1.774837554301115505e-01 1.135339799330426919e-01 3.232340947422131516e-01 9.941565514880282284e-02 8.737602466299157489e-02 4.472998438945351984e-01 4.782538086321488219e-02 4.949681162771706749e-02 4.793502435252381538e-02 7.717403886508487909e-02 1.000000000000000222e+00 2.733707141578338093e-02 1.704495089164850541e-01 2.108144347570510002e-01 9.711209594925116276e-03 2.802963022630331480e-01 3.516045593913535300e-02 6.696606458261418482e-02 1.328140431751210094e-03 8.747675932050986980e-02 4.159805417405329497e-02 6.744977766328026647e-02 1.540795452345442105e-03 2.795933076232497982e-01 1.614867854982006690e-01 3.303107351980011375e-02 1.101554444976216990e-01 1.843643789152502599e-01 1.499649392576678786e-01 1.567299198600739796e-01 2.482446940070301769e-02 2.992588564729288091e-03
1.066576326353419618e-01 1.212663592375825411e-01 5.173907371333288235e-02 8.347631808517819163e-02 9.930471565350208751e-02 3.375436242391642583e-02 3.098258933258654993e-02 8.465161040293965600e-02 4.168420020761998829e-02 9.057297310553139025e-02 4.843515900554946213e-02 1.114479242947248733e-01 7.409070430231932958e-02 6.954454784361525921e-02 7.630314752439319725e-02 2.733707141578338093e-02 1.000000000000000000e+00 2.261695558988575938e-02 7.514310231846903221e-02 1.170128048980805940e-01 1.157903844001853672e-01 8.286150282411454404e-02 8.587765721348038228e-02 4.460390941669631348e-02 5.812244581152153922e-02 2.072842563691041917e-01 6.486118457619693967e-02 1.975809673216482112e-02 5.943649233068921262e-02 6.294563131367139630e-02 3.816663561748210448e-02 1.118573271128631558e-01 9.243693119603643704e-02 1.085345678581909057e-01 5.681552654474927855e-02 1.063618428631259161e-01 4.287339678737690785e-02
1.609452053420457052e-01 3.770420217447973538e-02 1.252890105191979686e-01 6.449555129412026799e-02 9.104658959059304391e-02 3.035331025521577075e-01 1.154618927463388761e-01 1.422585276902526841e-01 1.867272127523808833e-01 8.275911258852983177e-02 1.904054109865503108e-01 7.618686663142394677e-02 9.072761959380469532e-02 2.400508173121177272e-02 1.219609138650161601e-01 1.704495089164850541e-01 2.261695558988575938e-02 1.000000000000000000e+00 2.276102078077227031e-01 3.684176816297070334e-02 2.671248556411931485e-01 5.643162071149219333e-02 7.292775980701311778e-02 1.156608594118840871e-03 2.422904935120291925e-01 3.902946614273649500e-02 1.386871424397872754e-01 2.373755472096291275e-03 2.691259893191742525e-01 2.051725008445370868e-01 6.683556273939453805e-03 1.671446394542324687e-01 2.022862331970336769e-01 2.329273881148790082e-01 2.758663707755686922e-01 2.767992610601190465e-02 4.769057968434534979e-03
1.812203408413102790e-01 4.537634470303678058e-02 2.265835639561939729e-01 7.416120567312105283e-02 9.987587287108096179e-02 2.357606958062033187e-01 2.290352370693896356e-01 2.092416406461483080e-01 1.199639781659303239e-01 1.326914489073224290e-01 2.237988111482241138e-01 1.003232236208636829e-01 7.947162189203320348e-02 7.789308491355934061e-02 1.252664512849176737e-01 2.108144347570510002e-01 7.514310231846903221e-02 2.276102078077227031e-01 1.000000000000000222e+00 5.102288386020364941e-02 2.651736570735037657e-01 9.398734544901431176e-02 8.761605528736386705e-02 1.168764811786893350e-02 1.568499329572745626e-01 8.761963900192247523e-02 1.112680366874107818e-01 1.545024996112206138e-02 2.095479289796751410e-01 1.549670745863692134e-01 4.330567825776623914e-02 1.610938630941917693e-01 1.696030689502803779e-01 2.202430370747401056e-01 2.154454893340543020e-01 6.384223128036414785e-02 3.278277855914549753e-03
4.426044293435962840e-02 1.124793731479835218e-01 5.132125115866719572e-02 6.206992491671162876e-02 8.273864343714255887e-02 2.782970177168135259e-02 1.224476658531339218e-02 2.258535851705906553e-02 3.318967137495367620e-02 5.488476301807131141e-02 3.790864838989629892e-02 7.677642266276689387e-02 9.601825168935598787e-02 1.045719195238944410e-01 3.759596053181393088e-02 9.711209594925116276e-03 1.170128048980805940e-01 3.684176816297070334e-02 5.102288386020364941e-02 1.000000000000000222e+00 4.427130054089378070e-02 1.205990978179844325e-01 5.861919638943020178e-02 2.845956421182223653e-02 4.292829322066844117e-02 1.072992830826527272e-01 1.265219717686331125e-01 1.103329312689428111e-02 1.241597292118462072e-02 7.796732101100554979e-02 1.315240659058089512e-02 5.289588642670577795e-02 2.030072089129191654e-02 1.570375092540503836e-01 2.026442189618092582e-02 6.277938636298190100e-02 4.524664330579298427e-02
2.521138966684889349e-01 5.329293812832091443e-02 2.487082399850105152e-01 7.940033937775795025e-02 1.089678662642674517e-01 2.580126165074684841e-01 1.635387978533894004e-01 3.327450252980072021e-01 1.232908824551861987e-01 1.347868297926777537e-01 2.526172376109954709e-01 1.235183640788542481e-01 7.846049879707088504e-02 4.839263001944021925e-02 1.246121462851373790e-01 2.802963022630331480e-01 1.157903844001853672e-01 2.671248556411931485e-01 2.651736570735037657e-01 4.427130054089378070e-02 1.000000000000000222e+00 6.789086393462998026e-02 1.027288245588872939e-01 1.327089264682962226e-02 1.245739473634524808e-01 1.465296992320627156e-01 1.047638775108720305e-01 5.739224002565014408e-03 3.328065832627466469e-01 2.044296175434225371e-01 4.970755581147627555e-02 1.606538917344949580e-01 3.531818456164572684e-01 2.586049804101257510e-01 2.451567412115670530e-01 8.338275761119766372e-02 2.213182750914538185e-02
5.500170497273275394e-02 3.097464285385239172e-02 6.544144815675558002e-02 3.843799101383853917e-02 1.363002633387892237e-01 1.011526152168561454e-01 2.214481079612607220e-02 4.262076427237145720e-02 4.665288069867661036e-02 5.838544327349534657e-02 4.575831717362879164e-02 5.556452507936740504e-02 4.139278460106550483e-02 4.647779113383648103e-02 4.686130090911078128e-02 3.516045593913535300e-02 8.286150282411454404e-02 5.643162071149219333e-02 9.398734544901431176e-02 1.205990978179844325e-01 6.789086393462998026e-02 1.000000000000000222e+00 6.612918789500100980e-02 3.123481963060685887e-03 5.117475623607034563e-02 7.168137515012720784e-02 5.190061665479842740e-02 9.506038680895655471e-03 5.185076192553368657e-02 6.709686532784871205e-02 1.834437417141860857e-02 1.151607816049547428e-01 3.496790432311348840e-02 7.473938608943822559e-02 4.919201137768907522e-02 4.254450340620075793e-02 2.393030167795327096e-03
7.359679086489477606e-02 6.241081989110362771e-02 6.485643300817794943e-02 7.916699940693103232e-02 6.399741470472808391e-02 1.016972535119494564e-01 2.815245794444240501e-02 6.970884406146073131e-02 4.067165670381647086e-02 1.001568601177530438e-01 7.861855272180828802e-02 4.496414647617567872e-02 4.736218702607706416e-02 3.074128380434430416e-02 6.303724211818131917e-02 6.696606458261418482e-02 8.587765721348038228e-02 7.292775980701311778e-02 8.761605528736386705e-02 5.861919638943020178e-02 1.027288245588872939e-01 6.612918789500100980e-02 1.000000000000000000e+00 2.498447975647449110e-02 6.543348155877880268e-02 9.008939025684067903e-02 2.578017734645893927e-02 9.418219943145730161e-03 5.594255089303048351e-02 7.866093110805927324e-02 2.031144507090593826e-02 1.043674072606940034e-01 6.725186242922903679e-02 8.379789351936997588e-02 6.295708134382915766e-02 6.821570710872297549e-02 2.623480294258436277e-02
2.092462816018725302e-02 7.047624240300197351e-02 6.175662135085197534e-03 2.721799166770875675e-02 2.012309440440863267e-02 1.388393621564413573e-02 1.587653937837433214e-03 1.140732460618915090e-02 2.371236126379115683e-02 2.341859516458218854e-02 7.925845004584777809e-03 3.164724213025285615e-02 3.676315361491022671e-02 2.655815952808115651e-02 1.452657902403629332e-02 1.328140431751210094e-03 4.460390941669631348e-02 1.156608594118840871e-03 1.168764811786893350e-02 2.845956421182223653e-02 1.327089264682962226e-02 3.123481963060685887e-03 2.498447975647449110e-02 1.000000000000000000e+00 8.419826436873409023e-03 4.286009116616844999e-02 3.510699425871792456e-02 2.813931567248487749e-03 3.667677573880900963e-03 4.469704887980437136e-03 1.234863257822237971e-02 2.855282490095923525e-02 4.892317045972562756e-03 4.431848671656386796e-02 1.111846806223254665e-02 2.651530989353549639e-02 4.387062443304937664e-01
1.266522288668050222e-01 4.898731167873022346e-02 7.411028725902991943e-02 3.992443242446029605e-02 6.721998561075685774e-02 1.201819794284031545e-01 6.526924140544208830e-02 9.997703072187937023e-02 9.443754615567170885e-02 6.021510438155658340e-02 1.090468690179845490e-01 4.587122648832169663e-02 3.507497285008955024e-02 3.827191434657875591e-02 9.608889925241742569e-02 8.747675932050986980e-02 5.812244581152153922e-02 2.422904935120291925e-01 1.568499329572745626e-01 4.292829322066844117e-02 1.245739473634524808e-01 5.117475623607034563e-02 6.543348155877880268e-02 8.419826436873409023e-03 1.000000000000000222e+00 5.458749032229656684e-02 1.021086154916799743e-01 5.237531480639488410e-03 1.092042788864353020e-01 7.829526180151424875e-02 8.760243625970932230e-03 9.193534484913236382e-02 1.334804540440408249e-01 9.725514976239472975e-02 1.062199082708318865e-01 4.041164659492811617e-02 3.995972929305913884e-02
1.258471285659242822e-01 1.010069025574546198e-01 5.663592670108560934e-02 6.215292631631590126e-02 8.214031957119685701e-02 5.298420616945664213e-02 3.997357331684212034e-02 1.008077106003690271e-01 4.447154636497720887e-02 1.858020510978487527e-01 6.344659926925169668e-02 9.354954390831562994e-02 6.529182971167406258e-02 7.373943089270128259e-02 8.032930854893956252e-02 4.159805417405329497e-02 2.072842563691041917e-01 3.902946614273649500e-02 8.761963900192247523e-02 1.072992830826527272e-01 1.465296992320627156e-01 7.168137515012720784e-02 9.008939025684067903e-02 4.286009116616844999e-02 5.458749032229656684e-02 1.000000000000000000e+00 3.702136525562815805e-02 1.728905137885838536e-02 4.727502149523386821e-02 7.278165366470880360e-02 3.376567852573402612e-02 1.004233311255776778e-01 1.003043101771324414e-01 9.101950813089904058e-02 4.748618980246258753e-02 1.023367533029387322e-01 4.874191118600395417e-02
6.846642588061474521e-02 2.091076164727667941e-01 8.362528700520688307e-02 1.071329105968044093e-01 1.175547563070805240e-01 1.350660963377057766e-01 4.876999228848724610e-02 5.838682471027580034e-02 7.820780107642402723e-02 4.872049266059252925e-02 8.820262319638011439e-02 9.413839360811372681e-02 1.215936454789898202e-01 7.151776737561259256e-02 1.686171217468271644e-01 6.744977766328026647e-02 6.486118457619693967e-02 1.386871424397872754e-01 1.112680366874107818e-01 1.265219717686331125e-01 1.047638775108720305e-01 5.190061665479842740e-02 2.578017734645893927e-02 3.510699425871792456e-02 1.021086154916799743e-01 3.702136525562815805e-02 1.000000000000000000e+00 1.912557535384646484e-02 1.109598337895445902e-01 1.182760714796019103e-01 2.167921171778156367e-02 1.205381715705078072e-01 5.030993413442773343e-02 2.516958155738725500e-01 1.127184328092043081e-01 3.671822251598769182e-02 1.729020257015378148e-01
1.324130466695164730e-02 1.814607132920353222e-02 3.939175763016721475e-03 4.676273047954412898e-03 2.035073835999516925e-02 2.743418827421152933e-03 3.939585861731109868e-03 9.965559706331254472e-03 7.459931103932419469e-03 1.130889714614723672e-02 3.154602920746784646e-03 2.451342619519292915e-02 1.687930081547783095e-02 2.918553431335500076e-02 2.399831794013879659e-03 1.540795452345442105e-03 1.975809673216482112e-02 2.373755472096291275e-03 1.545024996112206138e-02 1.103329312689428111e-02 5.739224002565014408e-03 9.506038680895655471e-03 9.418219943145730161e-03 2.813931567248487749e-03 5.237531480639488410e-03 1.728905137885838536e-02 1.912557535384646484e-02 1.000000000000000222e+00 0.000000000000000000e+00 8.286406900515401464e-03 1.107046650443191567e-02 7.177378586640433163e-03 3.225267698955817247e-03 1.014497994741783878e-02 1.180133202601865196e-02 8.954564621770653987e-03 4.965020060621513562e-03
1.765528776997584426e-01 1.940139094972315528e-02 1.765219927228105778e-01 5.964194662392627994e-02 9.046921538974911359e-02 2.788194812044378912e-01 1.056806366313081530e-01 1.607917544173102231e-01 2.214072921700364349e-01 1.169761239938613417e-01 2.170315179331782363e-01 5.322674317665886112e-02 6.193700313490281550e-02 1.206500827853166855e-02 1.113531848763400917e-01 2.795933076232497982e-01 5.943649233068921262e-02 2.691259893191742525e-01 2.095479289796751410e-01 1.241597292118462072e-02 3.328065832627466469e-01 5.185076192553368657e-02 5.594255089303048351e-02 3.667677573880900963e-03 1.092042788864353020e-01 4.727502149523386821e-02 1.109598337895445902e-01 0.000000000000000000e+00 1.000000000000000222e+00 1.773170972049299965e-01 2.045797445005041390e-02 1.436749100364272391e-01 1.739605831358666255e-01 1.966494184308170967e-01 4.720338326246217298e-01 2.910536337909858801e-02 4.686871564590284686e-03
1.133351867921287420e-01 7.423033056680049258e-02 1.174960339078176264e-01 5.687731019001768945e-02 1.179180929265584987e-01 2.321209418243783129e-01 9.551247517425791311e-02 1.186600805946703974e-01 1.054840310255777680e-01 1.035082471685061789e-01 1.502834886485172050e-01 1.046041201607553484e-01 1.039780449962824510e-01 6.200598620481085482e-02 1.171676411686865121e-01 1.614867854982006690e-01 6.294563131367139630e-02 2.051725008445370868e-01 1.549670745863692134e-01 7.796732101100554979e-02 2.044296175434225371e-01 6.709686532784871205e-02 7.866093110805927324e-02 4.469704887980437136e-03 7.829526180151424875e-02 7.278165366470880360e-02 1.182760714796019103e-01 8.286406900515401464e-03 1.773170972049299965e-01 1.000000000000000000e+00 2.068938189199437047e-02 1.731468159903803983e-01 1.231380391717647182e-01 2.054629851548361308e-01 1.730086728125075357e-01 4.174452342617330364e-02 4.473941833388142726e-03
1.982216375524711513e-02 4.474567374286960580e-02 3.363957157927361524e-02 8.764310830732433347e-03 3.510979577932888535e-02 1.390884189145265293e-02 8.344865023368668033e-03 2.655551785700604323e-02 4.205508764103421671e-02 1.271540576635558223e-02 4.786129527955310797e-02 4.215706130721089129e-02 7.605625711051742198e-03 1.228175153333666350e-02 9.661956542602238504e-03 3.303107351980011375e-02 3.816663561748210448e-02 6.683556273939453805e-03 4.330567825776623914e-02 1.315240659058089512e-02 4.970755581147627555e-02 1.834437417141860857e-02 2.031144507090593826e-02 1.234863257822237971e-02 8.760243625970932230e-03 3.376567852573402612e-02 2.167921171778156367e-02 1.107046650443191567e-02 2.045797445005041390e-02 2.068938189199437047e-02 1.000000000000000000e+00 3.551757620053883069e-02 1.828336906664365311e-02 2.743670411104658438e-02 2.505526252876910664e-02 3.152224154333267692e-02 3.710129968784651837e-03
1.235169745790760665e-01 7.476937758063186001e-02 1.018033983106954726e-01 5.168876626801255370e-02 1.333588889047835901e-01 2.254129985627856547e-01 7.780791921995462712e-02 9.777397137038819352e-02 9.375643893038582144e-02 1.111514536016957322e-01 1.337164702525539817e-01 1.131601168977674765e-01 7.149416938529069843e-02 5.298302567086051601e-02 1.368738943411771103e-01 1.101554444976216990e-01 1.118573271128631558e-01 1.671446394542324687e-01 1.610938630941917693e-01 5.289588642670577795e-02 1.606538917344949580e-01 1.151607816049547428e-01 1.043674072606940034e-01 2.855282490095923525e-02 9.193534484913236382e-02 1.004233311255776778e-01 1.205381715705078072e-01 7.177378586640433163e-03 1.436749100364272391e-01 1.731468159903803983e-01 3.551757620053883069e-02 1.000000000000000000e+00 8.986944950652848985e-02 1.629199805554574498e-01 1.522034623478249193e-01 1.063929225051767069e-01 3.435224711397609487e-02
1.531932874626510122e-01 2.591860568161663547e-02 1.766700788529808885e-01 8.107097561240061978e-02 4.720233491074995319e-02 1.324498099036475196e-01 1.004951873226721804e-01 3.114368397189778426e-01 1.210972659055640499e-01 1.044056643953629460e-01 1.785661763076996922e-01 7.799164906608964387e-02 4.652362248917017717e-02 2.501288522546994686e-02 7.127646579861296461e-02 1.843643789152502599e-01 9.243693119603643704e-02 2.022862331970336769e-01 1.696030689502803779e-01 2.030072089129191654e-02 3.531818456164572684e-01 3.496790432311348840e-02 6.725186242922903679e-02 4.892317045972562756e-03 1.334804540440408249e-01 1.003043101771324414e-01 5.030993413442773343e-02 3.225267698955817247e-03 1.739605831358666255e-01 1.231380391717647182e-01 1.828336906664365311e-02 8.986944950652848985e-02 1.000000000000000222e+00 1.401819269089235043e-01 1.692440909297262819e-01 4.814804844411218337e-02 1.676380395232944130e-03
1.769461239974750300e-01 1.498788207476058898e-01 1.822180465305249242e-01 1.437643126980231167e-01 1.243893034689628196e-01 2.178161120219187785e-01 1.260573206953449210e-01 1.582874534139502576e-01 1.599561855498378982e-01 1.190763095410756894e-01 2.213758372337461811e-01 1.310680553725422082e-01 1.362235939238083948e-01 9.029295870240873489e-02 1.221750948411696597e-01 1.499649392576678786e-01 1.085345678581909057e-01 2.329273881148790082e-01 2.202430370747401056e-01 1.570375092540503836e-01 2.586049804101257510e-01 7.473938608943822559e-02 8.379789351936997588e-02 4.431848671656386796e-02 9.725514976239472975e-02 9.101950813089904058e-02 2.516958155738725500e-01 1.014497994741783878e-02 1.966494184308170967e-01 2.054629851548361308e-01 2.743670411104658438e-02 1.629199805554574498e-01 1.401819269089235043e-01 1.000000000000000222e+00 2.227549426027509161e-01 5.676574631500654056e-02 6.444714947143331818e-02
1.910067764707030491e-01 2.105752398778513654e-02 1.022708349545814466e-01 6.219525758141662697e-02 7.155302996359738654e-02 2.752581688276364846e-01 1.043825973835711685e-01 1.649841245252652022e-01 2.074112421315690569e-01 9.965077912950616457e-02 1.906236537247794072e-01 7.686398270094001173e-02 6.413026296391415026e-02 1.582936260425880232e-02 1.207430393879760366e-01 1.567299198600739796e-01 5.681552654474927855e-02 2.758663707755686922e-01 2.154454893340543020e-01 2.026442189618092582e-02 2.451567412115670530e-01 4.919201137768907522e-02 6.295708134382915766e-02 1.111846806223254665e-02 1.062199082708318865e-01 4.748618980246258753e-02 1.127184328092043081e-01 1.180133202601865196e-02 4.720338326246217298e-01 1.730086728125075357e-01 2.505526252876910664e-02 1.522034623478249193e-01 1.692440909297262819e-01 2.227549426027509161e-01 1.000000000000000222e+00 3.492926982729806923e-02 1.587098940831867602e-02
8.068029043317588578e-02 5.735533157323213782e-02 4.199522434981756147e-02 4.021582350419529439e-02 6.370696438228538871e-02 4.443787034590580137e-02 3.167112892044200712e-02 6.063136647898938192e-02 2.935936805641249647e-02 8.810660118896891657e-02 4.918442035773530618e-02 6.365392525033096438e-02 5.243560310988954615e-02 4.017146899208213356e-02 6.007105238980761652e-02 2.482446940070301769e-02 1.063618428631259161e-01 2.767992610601190465e-02 6.384223128036414785e-02 6.277938636298190100e-02 8.338275761119766372e-02 4.254450340620075793e-02 6.821570710872297549e-02 2.651530989353549639e-02 4.041164659492811617e-02 1.023367533029387322e-01 3.671822251598769182e-02 8.954564621770653987e-03 2.910536337909858801e-02 4.174452342617330364e-02 3.152224154333267692e-02 1.063929225051767069e-01 4.814804844411218337e-02 5.676574631500654056e-02 3.492926982729806923e-02 1.000000000000000222e+00 3.084149091597902792e-02
2.191025015541187351e-02 1.139675434393826181e-01 2.683813092066095370e-03 3.681413950649409239e-02 1.794845767848459936e-02 1.788863437073773613e-02 5.386002008904498643e-03 7.273422821238563138e-03 3.097851440359204733e-02 3.169402838783224458e-02 7.510131182002773714e-03 3.603054985766716151e-02 3.089398376035674271e-02 2.718670105645740881e-02 6.515436613785792475e-02 2.992588564729288091e-03 4.287339678737690785e-02 4.769057968434534979e-03 3.278277855914549753e-03 4.524664330579298427e-02 2.213182750914538185e-02 2.393030167795327096e-03 2.623480294258436277e-02 4.387062443304937664e-01 3.995972929305913884e-02 4.874191118600395417e-02 1.729020257015378148e-01 4.965020060621513562e-03 4.686871564590284686e-03 4.473941833388142726e-03 3.710129968784651837e-03 3.435224711397609487e-02 1.676380395232944130e-03 6.444714947143331818e-02 1.587098940831867602e-02 3.084149091597902792e-02 1.000000000000000000e+00
