1.000000000000000000e+00 2.498249168844154378e-01 2.735555569639306350e-01 3.009910953151250235e-01 2.647629044868574089e-01 1.782217016986262503e-01 1.430159446534916001e-01 3.508552158917678798e-01 2.278667100154487812e-01 2.661083037307024890e-01 2.807119293609182109e-01 8.667794706752256217e-02 3.688767536958987847e-01 2.284333442788026303e-01 2.426234054151467090e-01 2.314888906281578618e-01 3.312571847467992159e-01 1.276964426652425766e-01 1.942710983416661708e-01 3.077681941955623390e-01 1.865643957464297731e-01 2.825900816975717156e-01 2.703122710594039191e-01 2.717270463634014477e-01 6.117335311335619918e-02 1.092822646135390152e-01 2.027656663721405239e-01 1.062909465290209493e-01 9.952472633341627462e-02 2.919857591630957150e-01 3.295922306263684987e-01 2.550221885192834881e-01 9.825558327004428605e-02 1.397639017374694426e-01 9.189917857631332843e-02 2.723583888666024078e-01 3.126704618380344858e-01 1.461700287671398590e-01 2.757963248111064414e-01 6.921913609400023870e-02 2.036436465007501195e-01 6.782518186941251248e-02 1.082493234140266686e-01 3.199010831331126070e-01 2.236134189871193112e-01 3.196783158991099438e-01 3.119734796848709357e-01 2.688736953011041098e-01 9.604978948316131304e-02 2.534284789310426445e-01 2.622996376023050136e-01 3.879956464672014160e-01 1.090577797000685661e-01 8.050612718705459081e-02 2.645929883982288677e-01 7.826102872947984790e-02
2.498249168844154378e-01 1.000000000000000222e+00 7.524061032690566586e-01 4.095297224999770447e-01 3.723521944713657494e-01 2.470149940211618378e-01 3.277371506950803037e-01 2.608455034539018391e-01 6.170633359285006003e-01 7.514178048396270571e-01 3.663426087823656307e-01 7.283390077724248568e-02 4.184376423096571873e-01 5.904918638040128620e-01 3.836798990160718015e-01 6.995613763624511927e-01 3.165874099163150102e-01 2.662174914619001020e-01 3.158910154659735348e-01 7.230385045675640221e-01 2.709399254064243090e-01 7.182046870270427652e-01 3.137821535438125031e-01 7.681852359052797619e-01 2.177183186555509825e-02 1.915696675856088660e-01 4.514927074190666634e-01 1.564848959287453989e-01 1.230307868695152546e-01 7.038976562824404981e-01 5.178090788054632299e-01 4.117960809849807169e-01 1.202468515170111718e-01 1.916397132146588356e-01 7.959774573449014679e-02 4.219564667688283088e-01 6.084074152746142827e-01 2.134946505808349992e-01 2.922078466571688682e-01 4.692806043377738962e-02 4.165593371070345219e-01 3.726458131261116413e-02 1.708509347961167102e-01 4.944150635856021658e-01 5.725530024267050377e-01 5.872283748719088203e-01 4.750648725618954460e-01 8.013702801250199848e-01 1.209689182937033897e-01 6.731345810462385781e-01 2.574704160431718347e-01 7.024118114449572348e-01 1.156577079001588626e-01 7.582335911003083850e-02 7.020809764541876552e-01 3.159821594355514962e-02
2.735555569639306350e-01 7.524061032690566586e-01 1.000000000000000222e+00 4.658716550570858872e-01 4.726528920993358085e-01 2.433506659015107210e-01 3.062808694523147524e-01 2.759586791986957111e-01 6.568038884969523705e-01 7.113493419606577994e-01 3.663921311535487391e-01 8.597221259101421598e-02 4.258453256009085419e-01 6.055894923015102682e-01 4.724620988878151517e-01 7.902333150438436427e-01 3.668594972406669097e-01 3.303294609401680182e-01 3.336378685350366857e-01 6.843991347879245790e-01 2.847625308655195031e-01 8.138200416721836916e-01 3.418511019084131131e-01 8.924998038972008496e-01 2.836132959058803096e-02 1.699752715877660414e-01 4.216692780234472249e-01 1.567471163716206706e-01 1.245931430992072986e-01 6.302524541741127972e-01 5.456487040505890729e-01 4.899462463817743085e-01 1.191172357053808806e-01 1.929287196018393269e-01 8.100529988058000064e-02 5.237336663797178549e-01 7.309492243223678631e-01 2.399192475524360435e-01 2.920826205540260623e-01 5.085261527674401344e-02 3.914942432824888296e-01 4.669936133894503349e-02 1.713187850687565017e-01 5.078234943903144893e-01 5.883424553995131312e-01 6.765149527927913908e-01 6.007464863384192055e-01 7.570526822568324210e-01 1.140949184322392757e-01 6.361399854222561379e-01 2.691421262328977937e-01 6.925535830578275487e-01 1.233114755311246202e-01 8.330432658539428659e-02 8.026136304234083862e-01 3.347374439973385685e-02
3.009910953151250235e-01 4.095297224999770447e-01 4.658716550570858872e-01 1.000000000000000000e+00 5.609607800127849320e-01 2.234345776318535648e-01 1.740583828267124877e-01 2.642161847248972739e-01 3.617650705809162814e-01 4.432696909857951617e-01 4.699886150686706232e-01 7.039106016854244918e-02 3.939111997598211401e-01 4.266223407233158960e-01 3.678730245086275774e-01 3.149086743230923857e-01 3.845046468913052573e-01 3.180923148873258666e-01 2.901067528179870902e-01 4.336378545171154508e-01 4.624821605294457405e-01 4.485173930234659934e-01 4.666537497508794208e-01 4.468690159689088781e-01 4.891069112462842483e-02 1.481176331644631639e-01 4.631222781049743609e-01 1.351757496479646659e-01 1.069248995625488169e-01 3.856316770265603155e-01 4.873951103329098866e-01 4.124550178679327050e-01 1.057203566583630044e-01 1.627828482962071222e-01 7.391651967417361968e-02 4.466889491431018100e-01 4.667711052429565077e-01 1.978128394413113944e-01 3.022379208872489897e-01 5.614593705183718725e-02 5.714176332040756812e-01 5.842920051617361832e-02 1.436340432761664676e-01 4.889644252165871730e-01 4.085699075956293336e-01 4.150754694763572061e-01 4.785391340947508509e-01 4.382016416505905010e-01 1.030349899312314049e-01 4.270102526260148856e-01 2.908498718366355762e-01 4.552093228732538854e-01 1.156532048823808306e-01 7.426582868419835670e-02 5.055364873966947670e-01 4.206822638939425318e-02
2.647629044868574089e-01 3.723521944713657494e-01 4.726528920993358085e-01 5.609607800127849320e-01 1.000000000000000000e+00 2.400073773322973225e-01 2.023450072082465800e-01 2.930776920773878746e-01 3.357044163723743035e-01 4.006498736052780951e-01 4.632767402391187450e-01 6.170799025281311495e-02 3.850245563436747176e-01 3.923691174880843402e-01 3.370959681880654202e-01 2.946527431646701056e-01 3.903874608656681122e-01 2.411932298205134440e-01 3.312507393062133487e-01 4.440562974281750397e-01 4.134282327611932262e-01 4.454340253166226282e-01 3.653512676336805320e-01 3.838721805997016290e-01 3.831116356135700479e-02 1.650602759783744711e-01 4.979377173573857895e-01 1.554981456516562610e-01 1.206371677787806407e-01 3.710633546950271588e-01 4.220766774348881367e-01 3.751625142233697696e-01 1.154473199489878116e-01 1.882865352216678556e-01 7.750625792175901141e-02 3.819858555447501747e-01 4.635255119578962635e-01 2.040073066930168655e-01 2.858604570875271089e-01 5.355905353344612985e-02 4.106105813783178515e-01 4.306639530972457275e-02 1.662711416998097214e-01 4.226801628656441934e-01 3.748472659263206719e-01 3.461159743551845414e-01 4.731508899308947136e-01 4.064276100489903620e-01 1.110563610496544951e-01 4.330016947693667850e-01 2.563430144842302472e-01 3.652665391402719064e-01 1.068136007100262408e-01 6.885478243673810728e-02 3.820503976865666784e-01 3.994958326922542352e-02
1.782217016986262503e-01 2.470149940211618378e-01 2.433506659015107210e-01 2.234345776318535648e-01 2.400073773322973225e-01 1.000000000000000222e+00 2.246986508123404724e-01 1.778468518118891395e-01 2.397783126179974800e-01 2.639037005998155494e-01 2.731921900010423343e-01 1.018556227024569327e-01 2.432197005953600222e-01 2.752593470264109166e-01 2.268874855919048861e-01 2.263819399025011059e-01 2.153128688969094540e-01 5.951585407550234567e-03 3.345938842906833743e-01 3.016357976212767911e-01 2.539591994822152365e-01 2.860715905950912963e-01 1.885133704573916658e-01 2.285520727709210720e-01 6.757077429108394873e-02 1.833164627029030824e-01 1.888329072216553550e-01 1.689444753520708276e-01 1.663266086829972568e-01 3.082492790910260072e-01 2.572609058236683399e-01 2.265402642752984697e-01 1.405375100871264216e-01 2.128230084706757841e-01 1.010218773762874694e-01 2.363063258539272737e-01 2.834462013304750450e-01 2.584667352616897285e-01 2.661705498754287635e-01 8.928257806796024987e-02 2.096514019841732301e-01 7.146600761576474281e-02 1.825510169240544822e-01 3.064015202833343943e-01 2.551972233727980988e-01 1.924305950219340755e-01 3.357430720112584699e-01 2.817168075711401487e-01 1.371787786460302583e-01 3.152148396507165606e-01 2.640658508860411202e-01 2.118123464401802380e-01 1.102597762573188228e-01 9.578315931248386483e-02 2.561170323963950501e-01 7.753450675154073546e-02
1.430159446534916001e-01 3.277371506950803037e-01 3.062808694523147524e-01 1.740583828267124877e-01 2.023450072082465800e-01 2.246986508123404724e-01 1.000000000000000222e+00 1.548263616897426753e-01 2.671583308977987792e-01 3.122718156837807069e-01 2.086387307136615410e-01 1.132213366017649769e-01 2.061347308522336885e-01 2.809457218066534478e-01 1.924984808902058808e-01 3.292697389408063002e-01 2.622906315757524975e-01 5.357876786216538186e-03 2.882833963488239948e-01 3.598410695762794820e-01 1.850577572017791661e-01 3.258811816846614029e-01 1.537571484704584879e-01 2.987780634547943515e-01 6.219615373042009648e-02 2.077694865742534813e-01 3.711300098463765074e-01 2.056450344853849310e-01 1.576504589831726755e-01 3.177593277352693812e-01 2.030494860565839055e-01 1.837282013027527749e-01 1.328245715221176571e-01 2.448806382694271311e-01 1.227700648936859568e-01 2.061484843905042053e-01 2.787798543507615245e-01 2.115566195858052390e-01 2.311937711057484302e-01 8.610844050033689134e-02 1.575888455399938881e-01 6.892967041599805389e-02 3.661312577748616071e-01 2.239900680391677668e-01 2.733782643141640656e-01 2.325570719364872252e-01 2.466697027699611966e-01 3.592969632802387459e-01 1.563176320884785697e-01 3.232590501572291108e-01 2.618642798603887378e-01 2.670847202617745442e-01 1.280364454033330879e-01 1.391364867053866694e-01 3.029772940149084159e-01 1.153220487387052462e-01
3.508552158917678798e-01 2.608455034539018391e-01 2.759586791986957111e-01 2.642161847248972739e-01 2.930776920773878746e-01 1.778468518118891395e-01 1.548263616897426753e-01 1.000000000000000000e+00 2.337712561599423755e-01 2.865624315509980868e-01 2.696867190973286088e-01 7.495637159714338416e-02 3.731681935298615804e-01 2.583629298972481281e-01 2.437603979637198715e-01 2.067632011759969468e-01 2.256773176044472862e-01 1.479570726374508927e-01 2.254318314352604102e-01 3.301912953853464172e-01 1.843809166210910178e-01 2.888371975305306094e-01 2.271787784932344789e-01 2.646396740213766141e-01 3.852472404463990613e-02 1.288179854854005491e-01 2.433926373946932176e-01 1.095860710672874605e-01 1.045813352993542611e-01 3.022982083828249511e-01 2.921784389471905885e-01 2.517081463589926904e-01 9.028996208144830782e-02 1.445276841177021154e-01 5.784420512937873265e-02 2.526096643924075069e-01 2.836117457576639578e-01 1.658019233043948326e-01 2.390341691726979301e-01 4.643654761474407672e-02 2.312679639372064999e-01 3.381303332293093822e-02 1.277691746102499748e-01 3.185299847246639837e-01 2.431946733957794926e-01 2.496257279025587139e-01 2.931913722677885747e-01 2.861552059317017394e-01 9.111448161422301684e-02 2.818584688173121910e-01 1.984949751933130779e-01 2.977450726057306873e-01 8.714590483261562548e-02 5.624353534573701963e-02 2.662838810778341836e-01 4.198999545563124325e-02
2.278667100154487812e-01 6.170633359285006003e-01 6.568038884969523705e-01 3.617650705809162814e-01 3.357044163723743035e-01 2.397783126179974800e-01 2.671583308977987792e-01 2.337712561599423755e-01 1.000000000000000000e+00 5.592824995455512038e-01 3.230639788498670395e-01 7.122451201220328376e-02 3.568465080458076422e-01 4.879636284131231294e-01 3.895886105500853125e-01 5.985255924498751323e-01 2.979752759565633680e-01 2.203241800426961605e-01 3.215531053321479260e-01 5.531164563017166858e-01 2.643005066682455051e-01 6.348126839931593768e-01 2.833248493743562579e-01 6.668261554795222867e-01 2.395242944140229396e-02 1.862488669676671260e-01 3.350268786540856469e-01 1.524643285110546254e-01 1.213998103479368290e-01 5.534137168355280911e-01 4.449852506617977266e-01 3.955350414958549998e-01 1.189181590665501081e-01 1.872588502886611828e-01 7.708039131902577612e-02 4.212184378809595842e-01 5.464236016369453663e-01 2.254938521116563732e-01 2.667048413108857319e-01 4.891362105910800062e-02 5.135138302908512919e-01 4.068002741550387491e-02 1.668679502902625233e-01 4.236907174401035037e-01 4.689681173723503349e-01 5.080197724564271544e-01 4.968928460163233307e-01 5.950671699781493462e-01 1.147307511479824793e-01 5.201029619626765799e-01 2.385921620572614421e-01 5.344574722101351760e-01 1.115274518983736668e-01 7.714729505949591282e-02 6.175023963244787861e-01 3.592791714493581007e-02
2.661083037307024890e-01 7.514178048396270571e-01 7.113493419606577994e-01 4.432696909857951617e-01 4.006498736052780951e-01 2.639037005998155494e-01 3.122718156837807069e-01 2.865624315509980868e-01 5.592824995455512038e-01 1.000000000000000222e+00 3.941278358402617865e-01 6.969761989931645696e-02 4.562205365400590074e-01 5.862870823607068127e-01 4.477143184637702999e-01 6.140459702407257137e-01 3.201323564248970688e-01 3.068823302049201729e-01 3.400088147334507926e-01 7.554285292402550533e-01 2.815078715117225183e-01 6.880243877018316079e-01 3.340525633603855238e-01 7.216744545996973681e-01 1.903855047475907017e-02 1.821444638979354269e-01 4.344861293937621327e-01 1.661577795190839202e-01 1.321652651051824501e-01 6.487191571045272109e-01 5.411049351754901870e-01 4.808077393100080865e-01 1.236629216412432619e-01 2.038696072223426525e-01 7.776115106897721341e-02 5.025950474266536183e-01 6.394917086828421082e-01 2.253114043527597865e-01 3.195594832795256579e-01 5.102900875620365595e-02 4.280877447276822956e-01 3.270103011660992903e-02 1.842176812499618233e-01 5.309060583730691452e-01 5.662492401671781472e-01 5.664671519899879826e-01 5.026513394158412806e-01 7.615688027337852439e-01 1.205140549427162339e-01 6.683413163651691358e-01 2.657170768381120207e-01 7.169724927318162910e-01 1.189790452588877639e-01 7.617880120561931756e-02 6.694372606886606070e-01 2.826997444651764904e-02
2.807119293609182109e-01 3.663426087823656307e-01 3.663921311535487391e-01 4.699886150686706232e-01 4.632767402391187450e-01 2.731921900010423343e-01 2.086387307136615410e-01 2.696867190973286088e-01 3.230639788498670395e-01 3.941278358402617865e-01 1.000000000000000000e+00 6.185205075933589147e-02 3.491281726944132635e-01 3.596576704647739819e-01 3.320981339702531732e-01 2.743523804638288710e-01 3.083705990903535810e-01 1.583795425634227649e-01 3.166518681006011970e-01 4.022996817737787834e-01 6.571788099938671301e-01 3.939362027333995209e-01 4.031535021904937288e-01 3.558422464040189581e-01 3.792770289399867434e-02 1.702719383492236060e-01 4.133550466623980846e-01 1.554883263897180734e-01 1.299249525961732321e-01 3.850876730862515251e-01 4.127096074906048129e-01 3.386132634292940979e-01 1.225932668518546764e-01 1.984235780128805471e-01 7.425095188552487124e-02 3.406459061109040065e-01 3.955135855004391909e-01 2.149845725576762789e-01 2.995718657929541395e-01 5.932692098696854682e-02 4.880074680217249550e-01 4.088372840557021048e-02 1.739304322354220944e-01 5.034281690653749086e-01 3.458060647688012690e-01 4.809721592133265888e-01 4.347538924003719329e-01 4.010359148738287804e-01 1.199741420055567970e-01 4.152930398918596167e-01 3.234304961496181074e-01 3.521857724984282512e-01 1.084717227494318981e-01 6.740330005267602953e-02 3.643829216299829810e-01 4.337220520133108076e-02
8.667794706752256217e-02 7.283390077724248568e-02 8.597221259101421598e-02 7.039106016854244918e-02 6.170799025281311495e-02 1.018556227024569327e-01 1.132213366017649769e-01 7.495637159714338416e-02 7.122451201220328376e-02 6.969761989931645696e-02 6.185205075933589147e-02 1.000000000000000000e+00 9.860168590477579043e-02 6.951083202855809495e-02 6.280903446863701778e-02 7.835585944461040397e-02 1.439638480388972797e-01 3.152172137875788871e-02 9.506327662537868151e-02 8.040767515659384690e-02 6.238004145384511145e-02 8.813088837633137329e-02 6.528005825808988472e-02 8.557381939810367044e-02 1.568678676084383772e-01 1.215287386741815551e-01 6.612345292238590300e-02 1.547616775293656766e-01 1.233929783024664828e-01 7.827654099258081477e-02 9.781342332347220392e-02 6.788420705417701206e-02 1.081332179710624841e-01 1.393811469084160204e-01 1.730667307323344173e-01 9.571790001457712582e-02 9.104538482966224866e-02 9.304228137023806688e-02 1.363122950731724681e-01 1.375389808048953222e-01 6.472525879456694775e-02 1.438961110228892670e-01 1.727516648474554661e-01 1.186672231451534887e-01 6.609189190293339455e-02 7.243464956759537721e-02 9.020242721011056952e-02 8.416763350504033458e-02 2.420744899614191981e-01 7.914500840544425042e-02 1.635607027648300626e-01 8.231943714962615399e-02 1.187957405473556854e-01 1.774305915272518797e-01 8.293800327401121275e-02 1.514357868001519059e-01
3.688767536958987847e-01 4.184376423096571873e-01 4.258453256009085419e-01 3.939111997598211401e-01 3.850245563436747176e-01 2.432197005953600222e-01 2.061347308522336885e-01 3.731681935298615804e-01 3.568465080458076422e-01 4.562205365400590074e-01 3.491281726944132635e-01 9.860168590477579043e-02 1.000000000000000000e+00 4.156512481595091568e-01 3.606001509505083469e-01 2.939422628181933561e-01 4.740617760908460987e-01 2.845026313415023322e-01 3.075106409857175094e-01 5.169100642301882598e-01 2.545711526246737799e-01 4.723024100154931126e-01 3.072425817079996735e-01 4.220352493113292969e-01 3.212369682860145848e-02 1.676930353150058728e-01 2.683405535408785458e-01 1.482995602013416070e-01 1.958145751523270583e-01 4.600453414968693755e-01 4.805631006157805585e-01 4.135456719069398046e-01 1.126076194547140502e-01 1.872105979785526897e-01 1.026511133921753777e-01 4.186862937363832748e-01 4.724780381366793236e-01 2.068571980267920052e-01 3.020387368769230640e-01 5.372052558949352158e-02 3.752566120954585749e-01 3.911934168795613148e-02 1.746232371167549535e-01 4.671285041849291830e-01 4.017572813298453394e-01 3.888352564759496865e-01 4.749640131099545082e-01 4.506020584570480381e-01 1.161087120593737032e-01 4.732750253763546300e-01 2.649955605184071139e-01 4.176850892451736685e-01 1.221376784577170721e-01 1.083604175577343037e-01 4.130821909251424229e-01 4.775492629621859442e-02
2.284333442788026303e-01 5.904918638040128620e-01 6.055894923015102682e-01 4.266223407233158960e-01 3.923691174880843402e-01 2.752593470264109166e-01 2.809457218066534478e-01 2.583629298972481281e-01 4.879636284131231294e-01 5.862870823607068127e-01 3.596576704647739819e-01 6.951083202855809495e-02 4.156512481595091568e-01 1.000000000000000222e+00 3.770494368859119150e-01 5.776168362174322057e-01 3.313019636815081048e-01 2.756780355792184944e-01 3.462785681296597362e-01 6.419071734447987509e-01 2.788760962629542317e-01 6.495700428716766339e-01 3.247289974612219687e-01 6.090144689993907123e-01 3.040708123635061169e-02 1.772261533391699673e-01 3.786497644542368146e-01 1.670061915775267469e-01 1.399366362764538074e-01 5.343041291153786121e-01 4.762121199017905204e-01 4.529284052496736490e-01 1.267080071903456950e-01 2.025477547845515314e-01 8.328748675372783794e-02 5.060057888516492630e-01 5.597753172272771360e-01 2.456442918987847002e-01 3.127003079507041927e-01 6.157603643716662301e-02 3.864661359686565323e-01 4.040706979758606349e-02 1.828033079845507725e-01 4.608305264191481232e-01 7.967011055728123736e-01 4.907298428211968599e-01 5.336424270821842342e-01 6.061438521776378874e-01 1.238443794596872788e-01 6.364137616275680198e-01 2.529954070459785598e-01 5.296143528702212944e-01 1.111751573934152137e-01 8.228583913296209917e-02 5.765282066995677246e-01 3.497773358425107504e-02
2.426234054151467090e-01 3.836798990160718015e-01 4.724620988878151517e-01 3.678730245086275774e-01 3.370959681880654202e-01 2.268874855919048861e-01 1.924984808902058808e-01 2.437603979637198715e-01 3.895886105500853125e-01 4.477143184637702999e-01 3.320981339702531732e-01 6.280903446863701778e-02 3.606001509505083469e-01 3.770494368859119150e-01 1.000000000000000000e+00 3.359240187463946592e-01 3.148695267953961485e-01 2.432577738654445321e-01 3.019772459987259405e-01 4.476323338382087180e-01 2.467114677339600770e-01 4.632076060767867376e-01 2.845538084329096717e-01 4.719140086020706670e-01 2.882090507809548230e-02 1.545877519450573334e-01 2.450481447359890153e-01 1.436285176019432008e-01 1.142813323960847477e-01 3.758278198854366203e-01 4.282866034394497423e-01 4.116989028564930764e-01 1.203770945200606096e-01 1.753707906195701438e-01 7.289905997840862018e-02 4.809037155720686796e-01 5.542805328298484602e-01 2.098491318180831233e-01 3.307979276163703353e-01 5.121407946394604394e-02 3.537317988955861470e-01 3.361452347974414750e-02 1.570440528532174862e-01 4.344558796987690874e-01 3.661876340675254138e-01 4.488370700711788452e-01 5.068215798172389652e-01 4.161564471804480858e-01 1.109157885446333258e-01 4.007515758926614713e-01 2.740454094008278330e-01 4.012385215690069673e-01 1.061870524836547175e-01 6.867016253877231136e-02 4.434926637963044205e-01 4.048624968035961780e-02
2.314888906281578618e-01 6.995613763624511927e-01 7.902333150438436427e-01 3.149086743230923857e-01 2.946527431646701056e-01 2.263819399025011059e-01 3.292697389408063002e-01 2.067632011759969468e-01 5.985255924498751323e-01 6.140459702407257137e-01 2.743523804638288710e-01 7.835585944461040397e-02 2.939422628181933561e-01 5.776168362174322057e-01 3.359240187463946592e-01 1.000000000000000222e+00 3.195311724658262409e-01 1.287795481167831324e-01 3.197749504015100497e-01 6.527143091416177656e-01 2.711750679063721359e-01 7.494837499855317997e-01 2.575260689172148565e-01 8.120312320353708646e-01 2.895380083047089867e-02 1.618662677827739926e-01 4.224450060031774146e-01 1.484096044049937058e-01 1.167438853367362001e-01 5.817191082255699364e-01 3.845143540583886299e-01 4.049086923272777749e-01 1.111025051120942131e-01 1.831879576672633403e-01 7.526810218489522752e-02 3.954744233355860228e-01 6.484096273278336930e-01 2.361646616738116156e-01 2.391507448905493272e-01 5.501105074732146744e-02 2.577579070352256640e-01 4.666105230767322171e-02 1.619052029743403287e-01 3.581779466265871958e-01 5.621035018774149794e-01 5.804812081880538210e-01 4.665218327832483247e-01 6.894592470299605313e-01 1.079441977595497620e-01 5.711933823910717578e-01 2.216799912278127893e-01 6.694272315008932273e-01 1.149229335168857891e-01 7.746484128907915601e-02 7.309307690357003118e-01 3.132117890509740488e-02
3.312571847467992159e-01 3.165874099163150102e-01 3.668594972406669097e-01 3.845046468913052573e-01 3.903874608656681122e-01 2.153128688969094540e-01 2.622906315757524975e-01 2.256773176044472862e-01 2.979752759565633680e-01 3.201323564248970688e-01 3.083705990903535810e-01 1.439638480388972797e-01 4.740617760908460987e-01 3.313019636815081048e-01 3.148695267953961485e-01 3.195311724658262409e-01 1.000000000000000000e+00 2.170829833481766613e-01 2.498221281890263268e-01 4.006845093318433526e-01 3.117576575219936363e-01 3.904965470744627409e-01 3.423964550045871524e-01 3.440375386974593996e-01 1.092475421700167815e-01 1.393312982029839275e-01 2.900775138138008691e-01 2.045956672712981594e-01 1.732566095338998746e-01 3.288785749551817461e-01 3.947137422274991647e-01 3.778965438253739095e-01 1.362797765705683617e-01 1.761724654772892085e-01 1.976527238545231213e-01 4.491603422311232219e-01 4.725146997428342210e-01 1.918075265112103300e-01 3.655635108968128821e-01 1.431966758398099115e-01 3.690579309465494839e-01 1.089309383293453615e-01 2.795776570520652204e-01 3.931309873448304293e-01 3.238961618774499618e-01 3.870956459383666504e-01 4.492530710801089233e-01 3.268416277985154439e-01 2.330542937344913246e-01 3.473478604308521955e-01 4.202743743143582122e-01 4.300982657541118637e-01 1.276312944362122115e-01 2.065490895555900652e-01 3.321288663501349436e-01 1.491449490692459134e-01
1.276964426652425766e-01 2.662174914619001020e-01 3.303294609401680182e-01 3.180923148873258666e-01 2.411932298205134440e-01 5.951585407550234567e-03 5.357876786216538186e-03 1.479570726374508927e-01 2.203241800426961605e-01 3.068823302049201729e-01 1.583795425634227649e-01 3.152172137875788871e-02 2.845026313415023322e-01 2.756780355792184944e-01 2.432577738654445321e-01 1.287795481167831324e-01 2.170829833481766613e-01 1.000000000000000222e+00 3.935965613333557850e-02 2.979745312751354569e-01 2.412160699634254002e-02 3.309248964166268125e-01 2.003744068683980806e-01 3.529842788860554359e-01 3.360325945046862411e-02 7.999294330570165534e-03 1.447142084684494845e-01 8.139525821093040667e-03 3.991420119235854561e-03 1.885492394861330856e-01 3.058330774293608334e-01 3.218793486542625426e-01 1.255081442493997078e-02 1.167004672524112573e-02 2.041616403799224877e-02 3.487359810191533738e-01 2.738818462950280974e-01 2.535961541243413053e-02 1.305277142092308995e-01 3.719010714885478963e-02 3.125703429857426552e-01 3.025289420190266712e-02 6.217950853421700362e-03 3.148570420196081243e-01 2.801741355806493528e-01 3.357935335851083281e-01 3.373208203571480546e-01 2.637729715965675403e-01 8.421762351467696264e-03 2.786409760576724071e-01 9.023758451585967011e-02 2.688629032216670045e-01 1.505114983170071849e-02 2.158407774589700748e-02 2.888304971012983779e-01 3.274591784837692365e-02
1.942710983416661708e-01 3.158910154659735348e-01 3.336378685350366857e-01 2.901067528179870902e-01 3.312507393062133487e-01 3.345938842906833743e-01 2.882833963488239948e-01 2.254318314352604102e-01 3.215531053321479260e-01 3.400088147334507926e-01 3.166518681006011970e-01 9.506327662537868151e-02 3.075106409857175094e-01 3.462785681296597362e-01 3.019772459987259405e-01 3.197749504015100497e-01 2.498221281890263268e-01 3.935965613333557850e-02 1.000000000000000222e+00 3.891244063406466003e-01 2.916471741048222155e-01 3.852440076932020507e-01 2.293764582104381444e-01 3.116210450403798515e-01 5.966266936792975067e-02 2.503029218088982932e-01 2.383148699297109874e-01 2.097961954451094679e-01 1.655415046920858668e-01 3.692613757807026165e-01 3.321448559404232004e-01 2.879641618861547570e-01 1.664747397497003678e-01 2.731835295301096589e-01 1.052751393868654045e-01 3.110775085603260659e-01 3.468607677203396356e-01 3.653579204503937805e-01 3.044753028306597664e-01 6.722617329881688808e-02 2.484491380331673993e-01 5.388714706067371241e-02 2.413814832401959265e-01 3.407317034697390223e-01 3.218256067407335164e-01 2.479585884070424073e-01 4.248421551107341987e-01 3.636275375390563003e-01 1.510000657906113430e-01 3.809059299890703576e-01 2.292414220541461045e-01 2.601561298891753582e-01 1.328857573415755389e-01 9.516040530009145515e-02 3.471200882947991229e-01 6.044152237326367444e-02
3.077681941955623390e-01 7.230385045675640221e-01 6.843991347879245790e-01 4.336378545171154508e-01 4.440562974281750397e-01 3.016357976212767911e-01 3.598410695762794820e-01 3.301912953853464172e-01 5.531164563017166858e-01 7.554285292402550533e-01 4.022996817737787834e-01 8.040767515659384690e-02 5.169100642301882598e-01 6.419071734447987509e-01 4.476323338382087180e-01 6.527143091416177656e-01 4.006845093318433526e-01 2.979745312751354569e-01 3.891244063406466003e-01 1.000000000000000222e+00 3.300760716721885535e-01 7.251029031729611107e-01 3.342392243281320785e-01 6.875213831029277634e-01 3.631821669633665539e-02 2.101775998541442481e-01 4.249449743354423714e-01 1.947193351830507624e-01 1.556872206150225479e-01 6.946581468280978999e-01 5.491612980823415979e-01 5.322755593692233278e-01 1.464756488551582914e-01 2.320910825992223425e-01 9.638800521361598483e-02 5.627617453163975547e-01 6.814639453257171908e-01 2.632042001233287354e-01 3.580143916207479959e-01 6.146370383924958103e-02 4.539468219589790632e-01 4.307570419400408995e-02 2.114995541548873037e-01 5.305298950821142334e-01 6.010990534487125059e-01 5.684769640449247596e-01 5.579385305403750106e-01 7.630763613650772825e-01 1.350329286284188690e-01 7.183035251155135414e-01 2.785567972586424079e-01 6.917561691234282995e-01 1.414276105232088465e-01 8.777867709235541438e-02 6.524793464391301923e-01 4.272602582885592221e-02
1.865643957464297731e-01 2.709399254064243090e-01 2.847625308655195031e-01 4.624821605294457405e-01 4.134282327611932262e-01 2.539591994822152365e-01 1.850577572017791661e-01 1.843809166210910178e-01 2.643005066682455051e-01 2.815078715117225183e-01 6.571788099938671301e-01 6.238004145384511145e-02 2.545711526246737799e-01 2.788760962629542317e-01 2.467114677339600770e-01 2.711750679063721359e-01 3.117576575219936363e-01 2.412160699634254002e-02 2.916471741048222155e-01 3.300760716721885535e-01 1.000000000000000000e+00 3.189746921808272462e-01 3.937420337221058109e-01 2.705721032026810469e-01 4.124800400188106952e-02 1.544203073426854700e-01 3.938814436752483550e-01 1.428750307202120151e-01 1.252710045829915075e-01 2.995456448497024193e-01 3.299992036971269860e-01 2.581975750387308088e-01 1.077926126369334742e-01 1.741382673201541942e-01 6.808264454525753129e-02 2.695702189861706177e-01 3.207514165030156961e-01 2.369621106497157015e-01 2.516721949638061617e-01 6.015320472323619494e-02 5.031261644617689432e-01 4.379319088454357300e-02 1.555830239010740634e-01 4.555890369503628468e-01 2.529767660196564627e-01 2.176478260587312308e-01 3.285017832794467352e-01 3.028106191283184145e-01 1.082875227606537732e-01 3.128629352273427644e-01 3.245595631018022842e-01 2.753936035221982159e-01 1.017001640764602505e-01 6.495099411711542647e-02 2.905927673651432230e-01 2.433467731885803620e-02
2.825900816975717156e-01 7.182046870270427652e-01 8.138200416721836916e-01 4.485173930234659934e-01 4.454340253166226282e-01 2.860715905950912963e-01 3.258811816846614029e-01 2.888371975305306094e-01 6.348126839931593768e-01 6.880243877018316079e-01 3.939362027333995209e-01 8.813088837633137329e-02 4.723024100154931126e-01 6.495700428716766339e-01 4.632076060767867376e-01 7.494837499855317997e-01 3.904965470744627409e-01 3.309248964166268125e-01 3.852440076932020507e-01 7.251029031729611107e-01 3.189746921808272462e-01 1.000000000000000000e+00 3.655312563259133785e-01 8.279155112272438277e-01 2.880341366290556718e-02 1.970417630856858837e-01 4.177277208919989993e-01 1.823439960570208129e-01 1.445345029638732959e-01 6.259009003800183324e-01 5.681377484086734819e-01 5.244631746147303542e-01 1.359477594377034027e-01 2.240478890908706444e-01 8.829131613224061592e-02 5.514013635815625536e-01 7.565837396220801425e-01 2.706418614489234375e-01 3.229200967383760723e-01 5.543003562216909652e-02 3.999941189556137644e-01 4.383771256743811129e-02 1.995182102316089834e-01 5.203886874531459261e-01 6.129988690739144319e-01 6.425486515285351308e-01 6.587628006108848799e-01 7.296708327657379645e-01 1.294022888689104200e-01 6.872485835348528527e-01 2.839563265044962592e-01 6.534690625268411157e-01 1.341899801307523676e-01 8.980500235618203708e-02 7.630536449482537842e-01 3.715688129652384986e-02
2.703122710594039191e-01 3.137821535438125031e-01 3.418511019084131131e-01 4.666537497508794208e-01 3.653512676336805320e-01 1.885133704573916658e-01 1.537571484704584879e-01 2.271787784932344789e-01 2.833248493743562579e-01 3.340525633603855238e-01 4.031535021904937288e-01 6.528005825808988472e-02 3.072425817079996735e-01 3.247289974612219687e-01 2.845538084329096717e-01 2.575260689172148565e-01 3.423964550045871524e-01 2.003744068683980806e-01 2.293764582104381444e-01 3.342392243281320785e-01 3.937420337221058109e-01 3.655312563259133785e-01 1.000000000000000222e+00 3.419289275569649122e-01 5.369080857235299792e-02 1.175811708930131205e-01 3.098847686803536949e-01 1.144359104172508051e-01 9.748285205127940611e-02 3.077263633075693061e-01 3.816967311610134916e-01 3.189950613532647195e-01 9.115255288780095555e-02 1.379989057095755145e-01 7.184825452683460401e-02 3.579033435048291079e-01 4.720298087697778477e-01 1.604153917030466947e-01 2.600174714968202516e-01 5.960681035383651877e-02 3.344175373539916563e-01 6.285347578378691624e-02 1.174912411217943764e-01 3.842054315359105798e-01 3.082227251941189738e-01 4.234009089089068589e-01 3.704765351667642648e-01 3.544127181474516219e-01 9.076535523736066480e-02 3.383591687631617995e-01 2.568886824688226822e-01 3.372120295962190983e-01 8.990323372066023888e-02 6.668908622363568794e-02 3.298505145817113848e-01 4.792965143581230658e-02
2.717270463634014477e-01 7.681852359052797619e-01 8.924998038972008496e-01 4.468690159689088781e-01 3.838721805997016290e-01 2.285520727709210720e-01 2.987780634547943515e-01 2.646396740213766141e-01 6.668261554795222867e-01 7.216744545996973681e-01 3.558422464040189581e-01 8.557381939810367044e-02 4.220352493113292969e-01 6.090144689993907123e-01 4.719140086020706670e-01 8.120312320353708646e-01 3.440375386974593996e-01 3.529842788860554359e-01 3.116210450403798515e-01 6.875213831029277634e-01 2.705721032026810469e-01 8.279155112272438277e-01 3.419289275569649122e-01 1.000000000000000222e+00 2.923763611150423727e-02 1.583958731492771388e-01 4.262032927518072944e-01 1.457709263265969946e-01 1.174319211312123690e-01 6.311357303133262597e-01 5.463225412826668848e-01 4.964942172593662661e-01 1.127053893899877257e-01 1.795996038559689034e-01 7.853127329942466428e-02 5.270532288546488919e-01 7.219509216591690759e-01 2.266873941424647210e-01 2.817741312216311411e-01 5.017828504500299741e-02 3.578407339266773124e-01 4.825047761560929266e-02 1.592178877307189599e-01 5.041193251519789920e-01 5.939816122618482019e-01 7.147710090217593848e-01 6.073656971510555946e-01 7.681085299328753724e-01 1.094117929002515061e-01 6.363267778453500778e-01 2.628068170172556672e-01 7.171181256718479613e-01 1.184920350225019264e-01 8.212383892233875160e-02 8.414745256663498374e-01 3.433982736084089521e-02
6.117335311335619918e-02 2.177183186555509825e-02 2.836132959058803096e-02 4.891069112462842483e-02 3.831116356135700479e-02 6.757077429108394873e-02 6.219615373042009648e-02 3.852472404463990613e-02 2.395242944140229396e-02 1.903855047475907017e-02 3.792770289399867434e-02 1.568678676084383772e-01 3.212369682860145848e-02 3.040708123635061169e-02 2.882090507809548230e-02 2.895380083047089867e-02 1.092475421700167815e-01 3.360325945046862411e-02 5.966266936792975067e-02 3.631821669633665539e-02 4.124800400188106952e-02 2.880341366290556718e-02 5.369080857235299792e-02 2.923763611150423727e-02 1.000000000000000222e+00 6.542132169582165480e-02 3.551778116510428268e-02 1.245336889244167827e-01 1.087301999458220592e-01 3.055316248857514738e-02 2.631682564528219775e-02 2.606578362910876370e-02 1.565077628661401821e-01 1.200251703716433971e-01 2.223624429628768551e-01 4.451338991992612876e-02 3.696230456087341854e-02 5.407331568871727445e-02 8.957433402568050484e-02 2.057704732922267521e-01 3.670244980589962985e-02 5.572005055649967842e-01 1.175542533961629471e-01 6.163843007378086436e-02 3.209039904183237646e-02 4.184169876136097782e-02 4.397389822185990282e-02 2.335622613028284777e-02 2.014379589275309690e-01 2.658081123242691732e-02 1.036219546391510399e-01 2.808366547234334570e-02 9.461223831874701617e-02 1.765234075668305480e-01 2.729222388040087113e-02 1.835855916783848407e-01
1.092822646135390152e-01 1.915696675856088660e-01 1.699752715877660414e-01 1.481176331644631639e-01 1.650602759783744711e-01 1.833164627029030824e-01 2.077694865742534813e-01 1.288179854854005491e-01 1.862488669676671260e-01 1.821444638979354269e-01 1.702719383492236060e-01 1.215287386741815551e-01 1.676930353150058728e-01 1.772261533391699673e-01 1.545877519450573334e-01 1.618662677827739926e-01 1.393312982029839275e-01 7.999294330570165534e-03 2.503029218088982932e-01 2.101775998541442481e-01 1.544203073426854700e-01 1.970417630856858837e-01 1.175811708930131205e-01 1.583958731492771388e-01 6.542132169582165480e-02 1.000000000000000000e+00 1.343219801880660702e-01 1.970558749429996148e-01 1.624909994374018340e-01 2.192680895178433231e-01 1.764167389897156046e-01 1.491398250942943537e-01 1.395008158695785205e-01 2.570163344678194628e-01 1.026145253468688928e-01 1.847610800633806005e-01 1.779878206805758090e-01 1.778252351520704655e-01 1.905377370620513766e-01 7.677462030163786921e-02 1.463853949596695680e-01 8.017628487102432255e-02 1.508685520225275245e-01 2.096190156023226558e-01 1.629921851588078952e-01 1.297059073990818323e-01 2.042332240087932904e-01 1.974724674891862874e-01 1.895534055307111498e-01 2.020299682198397340e-01 1.575236596202517769e-01 1.433186986139705354e-01 1.380304071326728665e-01 1.190355705172541911e-01 1.772914348335483670e-01 1.477194844619800218e-01
2.027656663721405239e-01 4.514927074190666634e-01 4.216692780234472249e-01 4.631222781049743609e-01 4.979377173573857895e-01 1.888329072216553550e-01 3.711300098463765074e-01 2.433926373946932176e-01 3.350268786540856469e-01 4.344861293937621327e-01 4.133550466623980846e-01 6.612345292238590300e-02 2.683405535408785458e-01 3.786497644542368146e-01 2.450481447359890153e-01 4.224450060031774146e-01 2.900775138138008691e-01 1.447142084684494845e-01 2.383148699297109874e-01 4.249449743354423714e-01 3.938814436752483550e-01 4.177277208919989993e-01 3.098847686803536949e-01 4.262032927518072944e-01 3.551778116510428268e-02 1.343219801880660702e-01 1.000000000000000000e+00 1.223188421688121558e-01 9.821768309173960210e-02 3.851352180214953069e-01 2.703819117087244983e-01 2.620206482867421527e-01 8.920375595751524334e-02 1.521326794625176559e-01 6.768694392765703394e-02 2.740537972004999379e-01 3.641029840211229551e-01 1.635942958872499131e-01 2.473090907228714386e-01 5.604542620734645486e-02 3.472838960235186678e-01 3.047450458851730729e-02 2.161815866884563841e-01 3.038156299456339360e-01 3.720812947341505805e-01 3.496431715522856920e-01 2.789064221813480904e-01 4.595524349569558020e-01 1.006997104379440400e-01 4.085887265269267377e-01 2.649281393888086589e-01 3.950764636240418071e-01 8.096155579996675011e-02 6.858037822634513447e-02 4.329208932683027977e-01 5.881153027226860425e-02
1.062909465290209493e-01 1.564848959287453989e-01 1.567471163716206706e-01 1.351757496479646659e-01 1.554981456516562610e-01 1.689444753520708276e-01 2.056450344853849310e-01 1.095860710672874605e-01 1.524643285110546254e-01 1.661577795190839202e-01 1.554883263897180734e-01 1.547616775293656766e-01 1.482995602013416070e-01 1.670061915775267469e-01 1.436285176019432008e-01 1.484096044049937058e-01 2.045956672712981594e-01 8.139525821093040667e-03 2.097961954451094679e-01 1.947193351830507624e-01 1.428750307202120151e-01 1.823439960570208129e-01 1.144359104172508051e-01 1.457709263265969946e-01 1.245336889244167827e-01 1.970558749429996148e-01 1.223188421688121558e-01 1.000000000000000000e+00 1.409396114424599777e-01 1.817912567129730816e-01 1.541252112034916244e-01 1.390631585581792451e-01 1.181993179414129042e-01 2.750636294077126731e-01 1.726977214966739227e-01 1.714161427670797544e-01 1.651842974952451304e-01 1.436034529803481008e-01 1.643129513207554626e-01 1.189027641429937499e-01 1.226615363722035473e-01 1.023001272353154661e-01 2.735477366621644202e-01 1.700442307299758760e-01 1.530092889934618616e-01 1.231162455019829127e-01 1.931504169134342086e-01 1.795692970261532073e-01 2.934662281944077633e-01 1.856102791063580781e-01 1.847303608982630019e-01 1.287506060873570557e-01 1.359538636345735962e-01 2.993966304867022865e-01 1.638615197806833623e-01 1.165273609471862981e-01
