1.000000000000000222e+00 1.592604976902622371e-01 2.026983449060486553e-01 3.416525977433502725e-01 3.824059739499141020e-01 2.801053913497332792e-01 1.565802776866309087e-01 2.415935079332283131e-01 3.410395679957340387e-01 3.171373629800343097e-01 1.681505297755822304e-01 1.528747043188944943e-01 2.062404917587865594e-01 3.078917234271931758e-01 3.074403704824507644e-01 8.435741566988737283e-02 4.166652921346764016e-01 1.238929032308053318e-01 3.367749110755126618e-01 2.633763959930038312e-01 2.754746549135795863e-01 2.243528942730830811e-01 3.347509078638476465e-01
1.592604976902622371e-01 1.000000000000000222e+00 9.152211403745066920e-02 1.047244840040452707e-01 2.426211230364595239e-01 1.090347781073552208e-01 4.393295595499314143e-01 6.803260897645928285e-02 1.327517511240693671e-01 1.280816741222515764e-01 6.806244419133263002e-02 1.723436035294336754e-01 6.439255774512199493e-02 1.361029654770010422e-01 1.439325223767931872e-01 4.611080175330325298e-02 1.569965325411799839e-01 5.951075051117114822e-02 1.425354033369948814e-01 1.316080438593519863e-01 1.227486673838817932e-01 2.467815780826181637e-01 1.397871293552738758e-01
2.026983449060486553e-01 9.152211403745066920e-02 1.000000000000000000e+00 1.561453999849449215e-01 1.625300008639899152e-01 1.550981363136603175e-01 7.957215820472048062e-02 8.661309121386388810e-02 1.847885755902169136e-01 1.849847763792240307e-01 9.001962425688002367e-02 5.726423531709714382e-02 8.740954634650216493e-02 1.677152769247727271e-01 1.578571283060808683e-01 6.749892221519611379e-02 2.033912401031135186e-01 4.965276559180766686e-02 1.784053997523313562e-01 1.995037894843564585e-01 1.866889849181718464e-01 9.916929059936334390e-02 1.627109507976969571e-01
3.416525977433502725e-01 1.047244840040452707e-01 1.561453999849449215e-01 1.000000000000000222e+00 2.818887703896845176e-01 2.105971169866677206e-01 1.322790229490829472e-01 1.621653973452179265e-01 3.150839683564872762e-01 2.584596886896442514e-01 2.427128249867421261e-01 1.405037139764899468e-01 2.334771256445890841e-01 3.836197348823873199e-01 2.958908982415894839e-01 8.894785729479705305e-02 2.683914695582242382e-01 1.334711604947088348e-01 3.053742199859105777e-01 1.752670634509191083e-01 2.465262880002906665e-01 2.850574649581790743e-01 3.229665812776285061e-01
3.824059739499141020e-01 2.426211230364595239e-01 1.625300008639899152e-01 2.818887703896845176e-01 1.000000000000000000e+00 1.976731146067744194e-01 1.423814168369699484e-01 1.715865927873453656e-01 3.101511541768546265e-01 2.570450986454841935e-01 1.630528586090477239e-01 2.153915879750533113e-01 1.774982686681753352e-01 2.765436456887542804e-01 2.953623766801115602e-01 2.661561603702322296e-02 3.051539664884030945e-01 1.186540666722454701e-01 2.877124874901000884e-01 3.064330503481050294e-01 2.809480610872451822e-01 3.613127235402923687e-01 3.524557371315857890e-01
2.801053913497332792e-01 1.090347781073552208e-01 1.550981363136603175e-01 2.105971169866677206e-01 1.976731146067744194e-01 1.000000000000000222e+00 1.073022067684691883e-01 1.621098733903382216e-01 2.095906568287560223e-01 2.038840323150082068e-01 1.219504947446363036e-01 8.730884982123758575e-02 1.189920462401422713e-01 2.766082125220351018e-01 2.135651090659321794e-01 1.045697314958994179e-01 2.965258487288824907e-01 7.484115452526775292e-02 2.258297885729854404e-01 1.883614374223671895e-01 1.718918533214051081e-01 1.704996139605721717e-01 2.055042981067641827e-01
1.565802776866309087e-01 4.393295595499314143e-01 7.957215820472048062e-02 1.322790229490829472e-01 1.423814168369699484e-01 1.073022067684691883e-01 1.000000000000000222e+00 6.948421781943728281e-02 1.783701611038905344e-01 1.575328265792919902e-01 1.941169051876759366e-01 2.267407899509137348e-01 1.267465703417061662e-01 1.404716574634705950e-01 1.743888435548568150e-01 6.621353669314350432e-02 1.537522843809415729e-01 4.934993671679682725e-02 1.949996942825941160e-01 9.858225689679435411e-02 2.158471361218176343e-01 2.518313199046406936e-01 1.402858368999685412e-01
2.415935079332283131e-01 6.803260897645928285e-02 8.661309121386388810e-02 1.621653973452179265e-01 1.715865927873453656e-01 1.621098733903382216e-01 6.948421781943728281e-02 1.000000000000000000e+00 1.686520343935261623e-01 1.656736508995015622e-01 1.251039300536046228e-01 1.439864116575347297e-01 1.829709484052059187e-01 1.769790475924876705e-01 1.493526786992247224e-01 1.371781361793123107e-02 2.301391949487889277e-01 8.875183184554767679e-02 1.763891687516190299e-01 1.267710853016855987e-01 1.598874046993931652e-01 2.292748194206010448e-01 1.814193097455565340e-01
3.410395679957340387e-01 1.327517511240693671e-01 1.847885755902169136e-01 3.150839683564872762e-01 3.101511541768546265e-01 2.095906568287560223e-01 1.783701611038905344e-01 1.686520343935261623e-01 1.000000000000000222e+00 3.867010953512629023e-01 1.722246470355124903e-01 1.319006158197762735e-01 2.241378463999428583e-01 3.356769119703048587e-01 3.326847498399498892e-01 9.968721883450086529e-02 2.810788931755355269e-01 8.199542784445801313e-02 2.811205714414513612e-01 2.650960673563416137e-01 2.614965960785684551e-01 2.489497168797240589e-01 2.532163161633148030e-01
3.171373629800343097e-01 1.280816741222515764e-01 1.849847763792240307e-01 2.584596886896442514e-01 2.570450986454841935e-01 2.038840323150082068e-01 1.575328265792919902e-01 1.656736508995015622e-01 3.867010953512629023e-01 1.000000000000000000e+00 2.109097175419041292e-01 1.492275729130209672e-01 1.910332453436494604e-01 3.166770290788937792e-01 3.465206130312811772e-01 1.080989326978189641e-01 2.798794650966830999e-01 1.283349754400273657e-01 3.208000181869339329e-01 2.343778306416049173e-01 2.687164754072685624e-01 3.416131617713430435e-01 2.732089386429419342e-01
1.681505297755822304e-01 6.806244419133263002e-02 9.001962425688002367e-02 2.427128249867421261e-01 1.630528586090477239e-01 1.219504947446363036e-01 1.941169051876759366e-01 1.251039300536046228e-01 1.722246470355124903e-01 2.109097175419041292e-01 1.000000000000000000e+00 1.149735681113684682e-01 1.626557259123141974e-01 2.036461665970033252e-01 1.629054698390123013e-01 8.756180715497732803e-02 1.563414273337287164e-01 1.482287080925251688e-01 1.527536911471925607e-01 1.303883395233402798e-01 2.369646447319454230e-01 3.125364677570064420e-01 1.683506061610757776e-01
1.528747043188944943e-01 1.723436035294336754e-01 5.726423531709714382e-02 1.405037139764899468e-01 2.153915879750533113e-01 8.730884982123758575e-02 2.267407899509137348e-01 1.439864116575347297e-01 1.319006158197762735e-01 1.492275729130209672e-01 1.149735681113684682e-01 1.000000000000000000e+00 1.178532446799025191e-01 1.589899926413665399e-01 1.844144029953151132e-01 3.290264620286057623e-02 1.347337222401056855e-01 1.791591373027691947e-01 1.937209234621460330e-01 8.372264112867347507e-02 1.411550055976854567e-01 4.796259836563845913e-01 1.611429412034680042e-01
2.062404917587865594e-01 6.439255774512199493e-02 8.740954634650216493e-02 2.334771256445890841e-01 1.774982686681753352e-01 1.189920462401422713e-01 1.267465703417061662e-01 1.829709484052059187e-01 2.241378463999428583e-01 1.910332453436494604e-01 1.626557259123141974e-01 1.178532446799025191e-01 1.000000000000000222e+00 2.563466672569068017e-01 2.834123131350941294e-01 8.020935161713728390e-02 1.585643077613351770e-01 1.056713891999950528e-01 1.769815084388551840e-01 1.163307582588883199e-01 2.002087932870572073e-01 2.198703854081532627e-01 1.506343377577817333e-01
3.078917234271931758e-01 1.361029654770010422e-01 1.677152769247727271e-01 3.836197348823873199e-01 2.765436456887542804e-01 2.766082125220351018e-01 1.404716574634705950e-01 1.769790475924876705e-01 3.356769119703048587e-01 3.166770290788937792e-01 2.036461665970033252e-01 1.589899926413665399e-01 2.563466672569068017e-01 1.000000000000000000e+00 5.038625411977774027e-01 7.823394926529156357e-02 2.718145125416616681e-01 1.536677751376058221e-01 3.244265105134722105e-01 2.070849681082029548e-01 2.543448184399035306e-01 4.220167726185309331e-01 2.747837254677929497e-01
3.074403704824507644e-01 1.439325223767931872e-01 1.578571283060808683e-01 2.958908982415894839e-01 2.953623766801115602e-01 2.135651090659321794e-01 1.743888435548568150e-01 1.493526786992247224e-01 3.326847498399498892e-01 3.465206130312811772e-01 1.629054698390123013e-01 1.844144029953151132e-01 2.834123131350941294e-01 5.038625411977774027e-01 1.000000000000000222e+00 8.577511808800972193e-02 2.744211283107034216e-01 1.134974348627064422e-01 3.241462107146789728e-01 3.026474328372537603e-01 3.142583377350941509e-01 3.403931766786890134e-01 2.742021507240180456e-01
8.435741566988737283e-02 4.611080175330325298e-02 6.749892221519611379e-02 8.894785729479705305e-02 2.661561603702322296e-02 1.045697314958994179e-01 6.621353669314350432e-02 1.371781361793123107e-02 9.968721883450086529e-02 1.080989326978189641e-01 8.756180715497732803e-02 3.290264620286057623e-02 8.020935161713728390e-02 7.823394926529156357e-02 8.577511808800972193e-02 1.000000000000000222e+00 7.722542820691739862e-02 5.989609821764453612e-02 5.965254209925771600e-02 3.230786843846313733e-02 7.301429414667266748e-02 8.846828242035996437e-02 3.198853138639253663e-02
4.166652921346764016e-01 1.569965325411799839e-01 2.033912401031135186e-01 2.683914695582242382e-01 3.051539664884030945e-01 2.965258487288824907e-01 1.537522843809415729e-01 2.301391949487889277e-01 2.810788931755355269e-01 2.798794650966830999e-01 1.563414273337287164e-01 1.347337222401056855e-01 1.585643077613351770e-01 2.718145125416616681e-01 2.744211283107033661e-01 7.722542820691739862e-02 1.000000000000000000e+00 7.731261119387015934e-02 3.406467093184781803e-01 2.537004679970243926e-01 2.705929655508079734e-01 2.074475920008214402e-01 3.096035660236374776e-01
1.238929032308053318e-01 5.951075051117114822e-02 4.965276559180766686e-02 1.334711604947088348e-01 1.186540666722454701e-01 7.484115452526775292e-02 4.934993671679682725e-02 8.875183184554767679e-02 8.199542784445801313e-02 1.283349754400273657e-01 1.482287080925251688e-01 1.791591373027691947e-01 1.056713891999950528e-01 1.536677751376058221e-01 1.134974348627064422e-01 5.989609821764453612e-02 7.731261119387015934e-02 1.000000000000000000e+00 9.129925682369816053e-02 8.021014635308158780e-02 1.181021483799196692e-01 3.103733819811862471e-01 9.477852836981706663e-02
3.367749110755126618e-01 1.425354033369948814e-01 1.784053997523313562e-01 3.053742199859105777e-01 2.877124874901000884e-01 2.258297885729854404e-01 1.949996942825941160e-01 1.763891687516190299e-01 2.811205714414513612e-01 3.208000181869339329e-01 1.527536911471925607e-01 1.937209234621460330e-01 1.769815084388551840e-01 3.244265105134722105e-01 3.241462107146789728e-01 5.965254209925771600e-02 3.406467093184781803e-01 9.129925682369816053e-02 1.000000000000000222e+00 2.548236200896380477e-01 2.886004836213941216e-01 2.570387055923785136e-01 3.002345283620800331e-01
2.633763959930038312e-01 1.316080438593519863e-01 1.995037894843564585e-01 1.752670634509191083e-01 3.064330503481050849e-01 1.883614374223671895e-01 9.858225689679435411e-02 1.267710853016855987e-01 2.650960673563416137e-01 2.343778306416049173e-01 1.303883395233402798e-01 8.372264112867347507e-02 1.163307582588883199e-01 2.070849681082029548e-01 3.026474328372537603e-01 3.230786843846313733e-02 2.537004679970243926e-01 8.021014635308158780e-02 2.548236200896380477e-01 1.000000000000000000e+00 3.545374796403638062e-01 1.553394549537875924e-01 2.169374878399824569e-01
2.754746549135795863e-01 1.227486673838817932e-01 1.866889849181718464e-01 2.465262880002906665e-01 2.809480610872451822e-01 1.718918533214051081e-01 2.158471361218176343e-01 1.598874046993931652e-01 2.614965960785684551e-01 2.687164754072685624e-01 2.369646447319454230e-01 1.411550055976854567e-01 2.002087932870572073e-01 2.543448184399035306e-01 3.142583377350941509e-01 7.301429414667266748e-02 2.705929655508079734e-01 1.181021483799196692e-01 2.886004836213941216e-01 3.545374796403638062e-01 1.000000000000000000e+00 2.466342569262457429e-01 2.677823583393671436e-01
2.243528942730830811e-01 2.467815780826181637e-01 9.916929059936334390e-02 2.850574649581790743e-01 3.613127235402923687e-01 1.704996139605721717e-01 2.518313199046406936e-01 2.292748194206010448e-01 2.489497168797240589e-01 3.416131617713430435e-01 3.125364677570064420e-01 4.796259836563845913e-01 2.198703854081532627e-01 4.220167726185309331e-01 3.403931766786890134e-01 8.846828242035996437e-02 2.074475920008214402e-01 3.103733819811862471e-01 2.570387055923785136e-01 1.553394549537875924e-01 2.466342569262457429e-01 1.000000000000000000e+00 2.117070729957599151e-01
3.347509078638476465e-01 1.397871293552738758e-01 1.627109507976969571e-01 3.229665812776285061e-01 3.524557371315857890e-01 2.055042981067641827e-01 1.402858368999685412e-01 1.814193097455565340e-01 2.532163161633148030e-01 2.732089386429419342e-01 1.683506061610757776e-01 1.611429412034680042e-01 1.506343377577817333e-01 2.747837254677929497e-01 2.742021507240180456e-01 3.198853138639253663e-02 3.096035660236374776e-01 9.477852836981706663e-02 3.002345283620800331e-01 2.169374878399824569e-01 2.677823583393671436e-01 2.117070729957599151e-01 1.000000000000000222e+00
