1.000000000000000222e+00 7.542711816459755914e-02 2.354507570338706945e-01 1.453195882888803081e-01 1.966658532183483132e-01 9.477025825800203251e-02 2.568332605926978984e-01 3.221505395286433648e-01 2.517017833873872457e-01 2.635748791977333139e-01 1.448867026930888979e-01 2.847816680079701679e-01 2.666253640204570008e-01 1.942379899186534031e-01 3.764650655860290462e-01 2.038636958790867593e-01 2.196218365894866409e-01 2.722404767491125033e-01 2.360938556801848720e-01 1.390500854966711108e-01 2.355837180907189021e-01 2.267339149315155677e-01 1.453954038562404460e-01 2.125810506349956053e-01 2.479536250237126260e-01 2.050715682993363709e-01 1.750667710721424131e-01 3.610814507050105759e-01 7.858589915921607161e-02 2.372890495637951236e-01 1.920121252770857490e-01 1.471256738120906848e-01 1.260213826021918671e-01 2.260641483434662202e-01 1.893716224294336448e-01 2.289425832925360560e-01 1.621728666568164057e-01 1.992320124327884301e-01 1.798111788424229529e-01 2.943933451626754016e-01 2.127233344247169700e-01 2.080928552241418372e-01 3.237627334885256891e-01 7.965846664396861176e-02 2.283416879077766470e-01 2.611139535387728139e-01 1.973837400210481374e-01 2.522478995017323200e-01 3.354556218538284895e-01 5.556982455202246207e-01 1.975659481508757476e-01 1.370863528191103853e-01 2.043332812101975038e-01 3.142053285004083873e-01 2.825128850687015358e-01 2.020289728917930572e-01 1.809217327234262374e-01
7.542711816459755914e-02 1.000000000000000000e+00 9.975772031360481684e-02 5.740816949758644622e-02 7.795521786551505572e-02 4.497845103082349222e-02 8.588060377572220849e-02 9.155775373939945005e-02 7.217110307877401543e-02 8.426623401227917309e-02 6.133636584495841954e-02 1.012535938597974999e-01 1.089688944240081586e-01 8.002270810892166131e-02 1.388741196531745326e-01 8.661923226346748828e-02 9.334189465414027831e-02 9.093398574503779030e-02 9.701819799986996506e-02 5.997467317917740126e-02 7.017108853995951412e-02 9.272279200346905670e-02 4.078014100465794656e-02 7.802706212649214434e-02 8.135384283252000692e-02 1.034985267533153758e-01 6.840914800801360662e-02 1.476963373816875535e-01 2.377268109940540441e-02 8.673228329575979889e-02 6.144743014139821685e-02 8.369281022702934614e-02 6.091648429725419339e-02 7.853595919264791392e-02 1.455973810169824689e-01 8.914871113611419484e-02 8.823790882165583049e-02 7.583570348274715212e-02 8.794276187186741978e-02 1.131794893214169567e-01 9.611847806867530875e-02 6.397253392872767619e-02 1.269232220762093744e-01 4.811463990274177788e-02 7.763062607846021868e-02 1.068774689475406880e-01 7.751711988860235381e-02 6.667062139781987362e-02 1.142403884533818997e-01 5.418587029735461025e-02 8.183260160098300429e-02 5.342834115704917647e-02 7.613423296724322609e-02 1.083640894936825499e-01 1.015382539634317183e-01 8.340154638643602902e-02 8.346096280042678006e-02
2.354507570338706945e-01 9.975772031360481684e-02 1.000000000000000000e+00 2.915284167971890494e-01 2.817829713151128734e-01 2.063815282673296392e-01 2.805127875632471013e-01 4.191565367218890170e-01 3.104272105018390238e-01 2.904311563745791691e-01 2.526070271953922974e-01 3.405979966790114721e-01 3.778770388136653002e-01 3.056606024972658986e-01 4.165045283984448732e-01 2.774684307579772802e-01 3.162500236121453812e-01 2.954029792732655313e-01 2.827958151249566066e-01 2.562712194267393051e-01 3.837846049669451087e-01 3.720730880157966380e-01 1.505925915816304084e-01 2.636029893707486638e-01 3.574894138589738701e-01 5.196256459033243846e-01 3.306594902744671716e-01 4.307821158846652509e-01 1.607382016976818262e-01 2.701282821114015520e-01 2.170250558610563041e-01 3.474081244547105318e-01 2.882391867518458439e-01 2.853323585884287583e-01 3.369246586308001778e-01 3.222162139509495149e-01 2.914866616550330636e-01 2.682976452644091347e-01 2.806886763563394283e-01 3.452645765768879715e-01 3.972822076708203975e-01 2.715924005705162014e-01 3.942918273605389157e-01 1.627939884351935207e-01 3.800261477735910054e-01 3.286187452098102701e-01 2.595212556395030123e-01 4.128303657938497961e-01 4.811143507516599804e-01 3.633086512661679590e-01 2.553695029812932948e-01 2.698692828499282825e-01 3.807461030858424467e-01 3.603563978126267942e-01 3.658548156954392616e-01 2.576345192412891061e-01 2.260920666957686731e-01
1.453195882888803081e-01 5.740816949758644622e-02 2.915284167971890494e-01 1.000000000000000222e+00 1.603129559519016201e-01 7.303047903689206810e-02 1.874924419330860070e-01 4.272719718008650691e-01 1.660557757452684746e-01 1.699698057226430858e-01 3.152108983938944897e-01 2.193109699477329699e-01 2.002267956889867973e-01 1.466669206649727775e-01 2.936766173799369994e-01 1.633830176798709566e-01 1.953305150007845215e-01 1.727036322927583967e-01 1.929694281837129599e-01 2.277380080278418872e-01 1.157039434197219274e-01 1.780461243387193582e-01 9.613712194205860373e-02 1.615696276580208257e-01 1.554707795191321851e-01 1.740560597288601241e-01 1.431900529403348776e-01 2.853664376248557510e-01 5.273078582025979288e-02 1.934590800230911734e-01 1.283197864699305024e-01 2.318484059970747635e-01 5.463831391081231947e-01 1.647088038017017753e-01 1.463270823536928777e-01 1.792143878049692329e-01 1.612836460938074645e-01 1.690933423857488016e-01 1.398368871138034597e-01 2.482595659705027491e-01 1.920066072433914417e-01 1.256361740055384757e-01 2.601931737923826038e-01 9.081914584608725971e-02 1.647529400656942145e-01 2.073783969040034758e-01 1.454056096705190482e-01 1.375604791726535714e-01 2.418867032343245682e-01 1.039161957052521235e-01 1.315991191315335207e-01 1.444729513038292001e-01 1.317696099277509414e-01 2.409137310211044714e-01 1.976558284579753577e-01 1.671276799411084979e-01 1.483780740898372474e-01
1.966658532183483132e-01 7.795521786551505572e-02 2.817829713151128734e-01 1.603129559519016201e-01 1.000000000000000222e+00 1.003608088514305191e-01 2.432517028629780642e-01 2.639062027329281968e-01 2.157093998311149785e-01 2.492576580556773447e-01 1.678472974089104397e-01 3.182719157363493867e-01 2.727176351259605336e-01 2.070956435106483251e-01 3.819980307921088114e-01 2.339632564315067276e-01 2.274754810754030798e-01 2.442179063876146194e-01 2.521752578757557317e-01 1.710689981917705993e-01 2.129177036879779106e-01 2.477321109768944873e-01 1.302040150794253337e-01 2.163932943930923780e-01 2.276067032948578817e-01 2.067094878494168675e-01 1.967685351321235843e-01 3.709305170849802602e-01 1.361087580676205444e-01 2.412421543803098256e-01 1.681203266542426189e-01 1.499166008598267763e-01 1.384738586684239048e-01 2.625313049461128756e-01 1.790014748817403134e-01 2.412804074886750194e-01 1.752888316594536366e-01 2.180187852679510707e-01 1.929539616156353832e-01 3.176606572124328620e-01 2.330166748225215301e-01 1.916122394021787523e-01 3.448582369123374125e-01 9.744579072644254936e-02 2.322839855629570127e-01 2.807569924046438015e-01 2.042166262784851360e-01 1.695322451765553240e-01 3.207639008896973620e-01 1.635586548948019248e-01 1.908956906478015692e-01 2.267428047443265093e-01 2.203641947861061379e-01 3.158991297129094544e-01 2.707622937401497620e-01 2.433185727280263444e-01 1.898004019825367539e-01
9.477025825800203251e-02 4.497845103082349222e-02 2.063815282673296392e-01 7.303047903689206810e-02 1.003608088514305191e-01 1.000000000000000000e+00 9.238852755789395133e-02 1.299586501944239858e-01 1.096731194786244312e-01 1.541639948079464029e-01 1.254893512191310456e-01 1.697007470687357800e-01 1.518584617103528878e-01 1.998366360218386539e-01 1.466465288583641835e-01 1.907810158229334419e-01 1.444894341099338397e-01 1.606503308096912663e-01 8.726853455580289853e-02 2.238846437620267693e-01 2.543387957314738879e-01 1.866744528581234519e-01 9.874795905721958644e-02 1.623084663139765516e-01 1.728721698805395224e-01 2.222648542492456081e-01 1.502335596361398240e-01 1.264243060740953550e-01 1.353628725147424106e-01 9.923913741207358863e-02 1.432705067864787352e-01 3.965818606661660195e-01 2.962868223286662106e-01 1.216231963713378245e-01 2.136131036585771359e-01 1.275116887353753004e-01 1.178724734837245797e-01 1.212345958876681756e-01 1.222266521382580351e-01 1.015146261880948836e-01 1.255309972797727380e-01 1.002205146604759067e-01 1.491559606194657883e-01 1.343129626896675810e-01 1.360332880998185723e-01 1.143607035047196629e-01 2.245624560913777323e-01 3.020869125601757799e-01 1.672723218271439383e-01 1.300275654820633731e-01 1.740678940043049461e-01 1.416770931546421086e-01 2.108903648551367083e-01 1.439667152916866977e-01 1.915230339506697466e-01 8.636074380860171706e-02 1.356589475264774192e-01
2.568332605926978984e-01 8.588060377572220849e-02 2.805127875632471013e-01 1.874924419330860070e-01 2.432517028629780642e-01 9.238852755789395133e-02 1.000000000000000000e+00 3.363735417093629554e-01 2.440513609472104439e-01 3.489517136577026668e-01 1.924692345229472301e-01 3.323767950414197037e-01 3.118861148786165605e-01 2.387672116820883095e-01 4.404789747484502693e-01 2.711266453855585845e-01 2.586083154233088099e-01 3.116434579246066816e-01 3.104559240745946580e-01 1.743288023886141735e-01 2.327852479171871602e-01 2.598263269516082330e-01 1.593894209348163116e-01 2.650464434665473212e-01 2.565316938146858794e-01 2.737041788142965393e-01 2.139704717684396684e-01 4.287494297489962691e-01 1.156423268396374743e-01 2.944388840220316661e-01 2.223489762839261086e-01 1.776942523329241852e-01 1.570761202643587151e-01 2.565830529493226542e-01 2.290002578052705295e-01 3.096580646000050563e-01 2.160099598529153231e-01 3.016567289837370769e-01 2.309054950723784805e-01 3.748680168409065927e-01 2.619093621246914583e-01 2.054695401713240166e-01 3.970896626574797472e-01 1.106429256901788616e-01 2.575240366067840792e-01 3.307248694103867015e-01 2.243557657776518999e-01 1.918794979633487441e-01 3.674380193761986324e-01 1.714331564453343837e-01 2.153032109621124679e-01 1.799298873207598459e-01 2.257676617170391309e-01 3.752998633539479933e-01 3.038248607546206181e-01 2.596692631516406280e-01 2.229174339841132890e-01
3.221505395286433648e-01 9.155775373939945005e-02 4.191565367218890170e-01 4.272719718008650691e-01 2.639062027329281968e-01 1.299586501944239858e-01 3.363735417093629554e-01 1.000000000000000222e+00 2.630250706337632360e-01 2.954648149315400874e-01 2.956555736914757149e-01 3.851258696837182027e-01 3.370927874872983732e-01 2.642195351426425698e-01 4.712036319813665552e-01 2.787997288336365176e-01 2.849420651336923571e-01 3.045800595068793859e-01 3.283849218637270306e-01 2.484297376789848799e-01 2.327140962756095999e-01 2.923588432418263161e-01 1.513332777650476524e-01 2.899149627066927026e-01 2.616604270500536011e-01 2.623702682193367330e-01 2.080608356483672206e-01 4.643038627476308577e-01 1.171912910890217929e-01 3.232504389087150209e-01 2.362683850565973631e-01 3.494054385842020882e-01 4.095825793021145578e-01 2.638339610086479770e-01 2.516994332559173708e-01 3.044676632876557876e-01 2.656098171720718826e-01 2.768042720414740088e-01 2.382706145748573201e-01 4.094632859464424901e-01 3.516809417577326236e-01 2.127912822543875093e-01 4.134887690815649552e-01 1.236499011425362671e-01 2.683227224497037322e-01 3.575483495077756424e-01 2.667135899137186850e-01 2.417649296826200611e-01 4.168479956645979589e-01 2.033803251010919966e-01 2.349075831820476301e-01 1.946980885784900528e-01 2.428727347631609856e-01 4.002414329462033460e-01 3.560422491201419848e-01 2.680378800347662516e-01 2.584332153049020420e-01
2.517017833873872457e-01 7.217110307877401543e-02 3.104272105018390238e-01 1.660557757452684746e-01 2.157093998311149785e-01 1.096731194786244312e-01 2.440513609472104439e-01 2.630250706337632360e-01 1.000000000000000222e+00 2.657192601787394803e-01 1.716581269089929029e-01 2.886826752515032068e-01 2.773057890410434156e-01 2.081372612761719920e-01 4.126889815991151567e-01 2.262787302611549423e-01 2.377595056254453443e-01 2.645386111569628107e-01 2.466613261865487350e-01 1.531628880356499800e-01 2.534191083919243304e-01 2.967811249592643974e-01 1.630309100866349226e-01 2.092892038534825694e-01 4.724644594023552635e-01 2.026889336532977370e-01 2.928471326931355589e-01 3.702410793573117087e-01 9.354527540183910084e-02 2.391953967934270786e-01 1.751103102411476764e-01 1.772198293545700909e-01 1.440639198608712479e-01 4.984126005173655227e-01 1.830274689382234143e-01 2.609566458422587498e-01 2.447450122880673318e-01 2.161086346685471560e-01 2.331593162392580632e-01 3.123535278371261659e-01 3.260067412713382740e-01 4.003227440239641721e-01 3.883568777099583036e-01 7.680867318780923436e-02 2.336930637370609465e-01 2.674449100349927111e-01 2.577265585194576381e-01 2.040156078216779634e-01 3.406240993809253048e-01 2.122422256513315231e-01 2.438291098661365397e-01 1.524121493753916312e-01 2.716890021981495651e-01 3.010995241027564218e-01 3.192742367808608095e-01 4.340551863780827135e-01 1.923295782953111932e-01
2.635748791977333139e-01 8.426623401227917309e-02 2.904311563745791691e-01 1.699698057226430858e-01 2.492576580556773447e-01 1.541639948079464029e-01 3.489517136577026668e-01 2.954648149315400874e-01 2.657192601787394803e-01 1.000000000000000222e+00 1.673385766674078956e-01 3.299294185237813259e-01 2.840776936874325753e-01 2.835036107932784599e-01 4.269442049469012734e-01 2.761648018187427001e-01 2.612980279505963122e-01 6.934651294716206449e-01 2.794765098589570007e-01 1.592784737211117296e-01 3.521398173209702165e-01 2.951086867383573287e-01 1.980926123733665334e-01 2.785390237933173530e-01 3.125031100597641665e-01 2.603036181355811718e-01 2.634692174255249264e-01 3.910316898417952047e-01 1.439528187641556101e-01 2.776064692792075128e-01 2.548528886430069806e-01 1.955030290460279818e-01 1.720893262103506405e-01 2.754201978660830163e-01 2.375379291140974070e-01 3.193267185441072686e-01 2.119649051410351648e-01 3.128781194396469956e-01 2.427178289700022418e-01 3.359854991312533623e-01 2.559057259065617984e-01 2.458118319701571852e-01 3.953603795956330269e-01 1.201560733943062009e-01 2.929577178919762770e-01 2.924706537284540442e-01 2.241228444289653232e-01 2.455617679973354506e-01 3.851622076459335631e-01 2.094371950122945469e-01 2.786203840142998378e-01 1.923790510146412280e-01 2.812160488767903588e-01 3.919228817199371662e-01 3.358132430564315651e-01 2.574088444407986453e-01 2.261084543755454146e-01
1.448867026930888979e-01 6.133636584495841954e-02 2.526070271953922974e-01 3.152108983938944897e-01 1.678472974089104397e-01 1.254893512191310456e-01 1.924692345229472301e-01 2.956555736914757149e-01 1.716581269089929029e-01 1.673385766674078956e-01 1.000000000000000222e+00 2.366713871443332784e-01 2.241642829543610271e-01 1.634527894652584856e-01 2.930087858290436609e-01 1.712633760486559076e-01 2.258332983223420853e-01 1.749618711000157922e-01 1.952438700790619097e-01 7.137055778697057873e-01 1.391867123168036569e-01 1.818757411768900378e-01 1.003329998126327033e-01 1.709545913639304304e-01 1.613858441723380610e-01 2.166123606984979022e-01 1.656374832532357400e-01 2.840136471719195699e-01 6.597474344111060873e-02 1.980174704712554801e-01 1.596730941969754236e-01 4.105688748974056779e-01 1.524568358703745907e-01 1.722979058865108104e-01 1.536786645230728832e-01 1.860215778219697080e-01 1.754144625176873862e-01 1.941647896017558161e-01 1.543996226161329088e-01 2.522747508083033607e-01 3.319760218814661323e-01 1.275814779560003609e-01 2.647926123949583266e-01 1.095311801821625547e-01 1.689797793505340706e-01 2.115573677364975258e-01 1.541112498747039539e-01 1.678962454715931252e-01 2.420822669225039803e-01 1.259833642646069340e-01 1.361814350891529801e-01 1.193414639503764391e-01 1.796140936144776656e-01 2.429981868139099999e-01 2.027424751302677741e-01 1.738991244715217266e-01 1.745031215333579522e-01
2.847816680079701679e-01 1.012535938597974999e-01 3.405979966790114721e-01 2.193109699477329699e-01 3.182719157363493867e-01 1.697007470687357800e-01 3.323767950414197037e-01 3.851258696837182027e-01 2.886826752515032068e-01 3.299294185237813259e-01 2.366713871443332784e-01 1.000000000000000222e+00 3.743038697526068215e-01 2.942163337636178322e-01 5.557619251924003079e-01 3.038864633021458594e-01 3.606464143190380445e-01 3.443672280370950745e-01 3.432772267490840079e-01 2.545851934176096565e-01 2.371485329051262192e-01 3.235120446909658387e-01 1.858438314330750629e-01 2.910165124041597662e-01 2.866185310626793159e-01 2.851413450594555421e-01 2.307107569283514681e-01 5.140777075284135300e-01 1.257337048755479969e-01 3.521934275188053909e-01 3.413935237692234392e-01 2.514649929229488823e-01 2.139990533174691845e-01 3.056165695514255209e-01 2.460228924826796393e-01 3.342386538831937925e-01 2.407312413293450637e-01 3.141183157249961555e-01 2.696769941105514601e-01 4.410866876733210984e-01 3.336099968338931410e-01 2.282288285302117303e-01 4.861080041321284573e-01 1.433364726723301563e-01 2.955383899536869752e-01 3.822002661446418648e-01 3.428523068945151797e-01 2.112026934253195265e-01 4.507862233575358202e-01 2.003148217842599665e-01 2.485392647520962284e-01 2.270159424041953422e-01 2.568265077589138579e-01 4.485091211339917172e-01 3.674265403600692204e-01 2.927539540883527525e-01 2.753547125872392032e-01
2.666253640204570008e-01 1.089688944240081586e-01 3.778770388136653002e-01 2.002267956889867973e-01 2.727176351259605336e-01 1.518584617103528878e-01 3.118861148786165605e-01 3.370927874872983732e-01 2.773057890410434156e-01 2.840776936874325753e-01 2.241642829543610271e-01 3.743038697526068215e-01 1.000000000000000222e+00 2.988169037274315265e-01 4.702451202619385984e-01 3.027787054716268300e-01 3.434798276807407014e-01 2.915452079653471085e-01 3.169256071256554841e-01 2.372020225095216317e-01 3.102510834015967389e-01 3.803135178358815205e-01 1.494642959384774317e-01 2.616870292075653137e-01 3.244789753302334545e-01 4.679444289352123754e-01 2.691584415104710248e-01 5.302005880826978768e-01 1.287648274353731803e-01 3.081197457278954666e-01 2.492291154502338513e-01 2.426108914198384370e-01 1.852473173082731794e-01 2.955640089159082828e-01 2.775001194698919482e-01 3.307968339844032379e-01 2.347110254286937370e-01 2.664126429691662801e-01 2.454211029332881988e-01 4.894588614984156094e-01 3.311521746548279910e-01 2.098161090947060492e-01 4.545951358950187093e-01 1.309507030327546617e-01 2.843283254709725871e-01 4.221292615923581959e-01 3.089572925993057106e-01 2.930526053103371109e-01 4.281236953581141758e-01 2.249975409651620573e-01 2.773050524049940901e-01 2.303133263217878868e-01 3.867202257819870037e-01 4.075227152317345003e-01 3.881480739300098848e-01 2.938412220742372960e-01 3.182113981572767258e-01
1.942379899186534031e-01 8.002270810892166131e-02 3.056606024972658986e-01 1.466669206649727775e-01 2.070956435106483251e-01 1.998366360218386539e-01 2.387672116820883095e-01 2.642195351426425698e-01 2.081372612761719920e-01 2.835036107932784599e-01 1.634527894652584856e-01 2.942163337636178322e-01 2.988169037274315265e-01 1.000000000000000222e+00 3.564360445318408566e-01 4.764357438696861791e-01 2.430473528629558400e-01 2.790273337172327062e-01 2.464309522280976328e-01 2.379236545628799770e-01 3.510008566788679341e-01 3.875290513185157271e-01 1.271150990330142672e-01 3.188077804169134888e-01 2.780095692407897889e-01 3.426545669052948329e-01 2.437725323270669708e-01 3.611779517852393706e-01 1.464078882753836464e-01 2.317185417750978471e-01 1.971269417215662234e-01 2.530309396467047556e-01 1.945331634998413162e-01 2.358204663934397594e-01 2.410088913733249294e-01 3.524437404532979046e-01 2.148950581240266222e-01 2.533997737577514675e-01 2.411184525201044981e-01 2.842274226731861253e-01 2.511080069115857460e-01 1.878945838016335135e-01 3.742452368176589772e-01 1.577120943892322269e-01 3.554513250512141287e-01 2.780480257146368261e-01 2.416654647551093604e-01 3.443641805111704590e-01 3.441670784851972309e-01 1.933189729229752574e-01 2.409988731399578810e-01 1.946665816423058804e-01 2.855431973339140894e-01 3.146759258118867475e-01 3.028261548655645785e-01 2.095036788649576043e-01 1.959768079765285276e-01
3.764650655860290462e-01 1.388741196531745326e-01 4.165045283984448732e-01 2.936766173799369994e-01 3.819980307921088114e-01 1.466465288583641835e-01 4.404789747484502693e-01 4.712036319813665552e-01 4.126889815991151567e-01 4.269442049469012734e-01 2.930087858290436609e-01 5.557619251924003079e-01 4.702451202619385984e-01 3.564360445318408566e-01 1.000000000000000222e+00 3.879320041247012463e-01 4.281314558342799170e-01 4.419897946241937436e-01 4.553423654696571177e-01 2.734469033814848071e-01 3.021375197317217598e-01 4.056053470122333304e-01 2.309933801215047489e-01 3.809385135447050930e-01 3.878445526848084413e-01 3.687844229001415175e-01 3.319893232187737242e-01 6.798044308695213589e-01 1.455805723595096912e-01 4.383140530889981790e-01 3.025345501666003023e-01 2.687874946729317815e-01 2.382658878813062042e-01 4.231478349012233187e-01 3.201880725078473655e-01 4.369838535128363066e-01 3.278070583762085488e-01 3.893820558744506277e-01 3.284364437226663935e-01 5.795692743207104813e-01 4.153949773833330306e-01 3.301007509547752017e-01 6.213866036501279888e-01 1.428512398476878553e-01 3.758985978008943518e-01 4.974794274350016199e-01 3.711776677550825965e-01 2.507815211287415247e-01 5.450950220364298993e-01 2.391008939724230398e-01 3.468352964878319566e-01 2.668651094662087275e-01 3.330680514376475609e-01 5.582548096835181495e-01 5.044592956066449307e-01 3.878719524305783151e-01 3.456076142075487079e-01
2.038636958790867593e-01 8.661923226346748828e-02 2.774684307579772802e-01 1.633830176798709566e-01 2.339632564315067276e-01 1.907810158229334419e-01 2.711266453855585845e-01 2.787997288336365176e-01 2.262787302611549423e-01 2.761648018187427001e-01 1.712633760486559076e-01 3.038864633021458594e-01 3.027787054716268300e-01 4.764357438696861791e-01 3.879320041247012463e-01 1.000000000000000000e+00 2.355700669072349207e-01 2.711211393553259463e-01 2.710628476201983328e-01 2.697796510055156527e-01 3.494845189316637679e-01 3.987192384444916415e-01 1.388525978259152749e-01 3.460914202472967771e-01 2.878973100091326565e-01 3.088789933085153150e-01 2.150536555918660941e-01 3.765109112046356454e-01 1.085306136044039832e-01 2.634541371191645998e-01 2.207289202867609434e-01 2.604429497665005089e-01 2.276889962484233976e-01 2.621072682230943807e-01 2.387809696153394279e-01 3.529611287854839130e-01 2.182805565802538594e-01 2.619811369077797436e-01 2.084626035905967623e-01 3.229636006506030332e-01 2.393015083916269492e-01 2.156142247901993991e-01 3.409849377372786150e-01 1.443524608900871309e-01 3.076396424128323148e-01 2.948959698001040186e-01 3.548558412976878240e-01 3.205822288291917954e-01 3.596101982044456746e-01 1.757097118829292481e-01 2.220082068784045570e-01 1.990250907993539320e-01 2.560642533153531519e-01 3.457076866862432429e-01 2.980613585309908609e-01 2.542516268718549854e-01 2.216816442068956505e-01
2.196218365894866409e-01 9.334189465414027831e-02 3.162500236121453812e-01 1.953305150007845215e-01 2.274754810754030798e-01 1.444894341099338397e-01 2.586083154233088099e-01 2.849420651336923571e-01 2.377595056254453443e-01 2.612980279505963122e-01 2.258332983223420853e-01 3.606464143190380445e-01 3.434798276807407014e-01 2.430473528629558400e-01 4.281314558342799170e-01 2.355700669072349207e-01 1.000000000000000222e+00 2.669462330579889242e-01 2.717093796402948458e-01 2.017877760969421785e-01 2.251978931164150821e-01 2.909343606975205998e-01 1.530271540021737875e-01 2.276429012908263161e-01 2.365743920221921870e-01 3.355752266849119092e-01 2.429549988473433952e-01 4.347680213817131656e-01 1.485431550368034315e-01 2.703806117091315242e-01 2.101089778547506060e-01 2.064502812743135018e-01 1.953368505626470741e-01 2.563375737913400898e-01 2.374234166996560536e-01 2.912008325887583404e-01 2.373303376717320057e-01 2.572159229332545705e-01 2.217284287677104004e-01 3.410588694028396928e-01 2.863510506849529791e-01 1.874011614730425046e-01 3.832206987169872181e-01 1.618632300393035295e-01 2.456045713543813513e-01 3.156612018893231175e-01 2.585796877526623794e-01 2.316483498781022055e-01 3.303499160076304730e-01 1.934999003973714438e-01 2.342664965947116318e-01 1.867702955807887533e-01 2.727065882421952914e-01 3.369466376661180984e-01 3.320400927103841493e-01 2.275845266086209406e-01 2.212018739884415996e-01
2.722404767491125033e-01 9.093398574503779030e-02 2.954029792732655313e-01 1.727036322927583967e-01 2.442179063876146194e-01 1.606503308096912663e-01 3.116434579246066816e-01 3.045800595068793859e-01 2.645386111569628107e-01 6.934651294716206449e-01 1.749618711000157922e-01 3.443672280370950745e-01 2.915452079653471085e-01 2.790273337172327062e-01 4.419897946241937436e-01 2.711211393553259463e-01 2.669462330579889242e-01 1.000000000000000000e+00 2.910824845761042501e-01 1.699001944477767090e-01 3.382275366060590316e-01 2.927259908194385640e-01 1.909474558891002538e-01 2.673534757234958814e-01 2.970593769549106922e-01 2.664478515269761427e-01 2.446056591228751576e-01 4.048399905994176651e-01 1.480664851654882597e-01 2.756455633703185915e-01 2.817578944015384224e-01 1.986095693781468052e-01 1.716990272601561229e-01 2.675388523151540632e-01 2.464756662390574227e-01 3.142479486712384529e-01 2.118651417058359521e-01 3.210246534637268279e-01 2.502640775367497850e-01 3.392244403740997116e-01 2.675715814924743419e-01 2.324131403842630839e-01 3.984034103294774032e-01 1.171869767707032772e-01 2.668553475894431815e-01 3.018989759813738294e-01 2.325304187305274883e-01 2.259577919232329535e-01 3.827503273261609884e-01 2.037552716253112628e-01 2.891699827329706207e-01 1.931995541676754247e-01 2.721576629390087820e-01 4.095485501718444943e-01 3.478930642805518891e-01 2.423667358139600381e-01 2.132488629018226833e-01
2.360938556801848720e-01 9.701819799986996506e-02 2.827958151249566066e-01 1.929694281837129599e-01 2.521752578757557317e-01 8.726853455580289853e-02 3.104559240745946580e-01 3.283849218637270306e-01 2.466613261865487350e-01 2.794765098589570007e-01 1.952438700790619097e-01 3.432772267490840079e-01 3.169256071256554841e-01 2.464309522280976328e-01 4.553423654696571177e-01 2.710628476201983328e-01 2.717093796402948458e-01 2.910824845761042501e-01 1.000000000000000000e+00 1.773777707180900776e-01 1.913850174042430741e-01 2.807813826180180494e-01 1.472997894614632153e-01 3.095439135493464056e-01 2.703879363611715325e-01 2.653877218823949002e-01 2.040510075049986882e-01 4.609109570131040279e-01 9.481752743410969131e-02 3.061914804904373733e-01 2.020252448846704130e-01 1.819516621733753003e-01 1.473458737244882355e-01 2.629328137297595180e-01 2.264167401533048740e-01 2.994988733002870718e-01 2.160897967586073998e-01 2.673493947265373483e-01 2.440769564044023010e-01 3.808245352147542340e-01 2.746838061621650340e-01 2.013928397868060272e-01 4.063789598646532775e-01 1.009777351009833180e-01 2.698825343257862941e-01 3.455029869276393106e-01 2.417117078522943718e-01 1.737348571227846084e-01 3.638569028939432903e-01 1.531217098319883341e-01 2.420445796603746258e-01 1.945111159643152232e-01 2.147071126598050217e-01 3.881834342337692756e-01 3.245298757191830141e-01 2.597374798611336577e-01 2.524285058103734602e-01
1.390500854966711108e-01 5.997467317917740126e-02 2.562712194267393051e-01 2.277380080278418872e-01 1.710689981917705993e-01 2.238846437620267693e-01 1.743288023886141735e-01 2.484297376789848799e-01 1.531628880356499800e-01 1.592784737211117296e-01 7.137055778697057873e-01 2.545851934176096565e-01 2.372020225095216317e-01 2.379236545628799770e-01 2.734469033814848071e-01 2.697796510055156527e-01 2.017877760969421785e-01 1.699001944477767090e-01 1.773777707180900776e-01 1.000000000000000000e+00 1.761696741786378806e-01 2.802998203595264970e-01 8.706176182642612338e-02 2.443240733820052635e-01 1.541829133155461495e-01 3.138206888273331607e-01 1.563538288298071954e-01 2.585899350099443161e-01 6.963995143022451428e-02 1.702626524114640716e-01 1.536803492649141678e-01 5.115362919435147981e-01 2.455673831392449769e-01 1.588684477678125317e-01 1.571844335275165705e-01 1.700486507557797122e-01 1.540484159827425759e-01 1.682809677985579178e-01 1.633502882353237429e-01 2.254362553621704623e-01 3.236174329671818728e-01 1.189082481921428930e-01 2.465622801729102920e-01 1.454914053195106305e-01 1.619060082978314441e-01 1.997436999708726568e-01 1.429093756779693802e-01 2.448552404690740036e-01 2.323153327110352440e-01 1.175054568084577394e-01 1.314065372281900956e-01 1.206305261674866930e-01 1.600973241550886217e-01 2.270979697727086855e-01 1.900605821979926835e-01 1.547078130682939812e-01 1.642193968316360553e-01
2.355837180907189021e-01 7.017108853995951412e-02 3.837846049669451087e-01 1.157039434197219274e-01 2.129177036879779106e-01 2.543387957314738879e-01 2.327852479171871602e-01 2.327140962756095999e-01 2.534191083919243304e-01 3.521398173209702165e-01 1.391867123168036569e-01 2.371485329051262192e-01 3.102510834015967389e-01 3.510008566788679341e-01 3.021375197317217598e-01 3.494845189316637679e-01 2.251978931164150821e-01 3.382275366060590316e-01 1.913850174042430741e-01 1.761696741786378806e-01 1.000000000000000222e+00 3.538298863027154462e-01 1.677946247227439236e-01 2.653412113103837400e-01 3.902035383206334807e-01 3.647416446963678283e-01 3.463408483061386489e-01 2.769791475672149783e-01 1.822460376675094640e-01 2.083354509034690272e-01 2.467296774799635217e-01 2.806473288481737272e-01 1.956425065984957468e-01 2.529328343463244089e-01 3.907328154762430561e-01 3.069676683420860530e-01 1.895883336213781412e-01 2.416356285780253688e-01 3.681215368696156287e-01 2.410101341683593412e-01 1.950675061533120036e-01 2.261385015899340933e-01 2.823833346669412658e-01 1.477817652209442445e-01 3.085500115879687977e-01 2.377637481416674525e-01 3.328863952813923555e-01 4.813353276727050378e-01 3.966424826332372033e-01 3.203814646776809161e-01 2.905247713026734013e-01 2.253815320496966590e-01 4.235020654907953319e-01 3.093153874062745112e-01 3.242548108760969217e-01 2.235530977307245981e-01 1.795790202011203207e-01
2.267339149315155677e-01 9.272279200346905670e-02 3.720730880157966380e-01 1.780461243387193582e-01 2.477321109768944873e-01 1.866744528581234519e-01 2.598263269516082330e-01 2.923588432418263161e-01 2.967811249592643974e-01 2.951086867383573287e-01 1.818757411768900378e-01 3.235120446909658387e-01 3.803135178358815205e-01 3.875290513185157271e-01 4.056053470122333304e-01 3.987192384444916415e-01 2.909343606975205998e-01 2.927259908194385640e-01 2.807813826180180494e-01 2.802998203595264970e-01 3.538298863027154462e-01 1.000000000000000000e+00 1.406962099467864158e-01 3.169148663366886942e-01 3.853797965931901603e-01 4.057116714111419498e-01 3.167611959748463657e-01 4.216946890736749665e-01 1.287653168478831989e-01 2.773525093248443429e-01 1.962704078374071515e-01 2.733924344359547898e-01 2.266476840665442305e-01 2.888694152387057956e-01 2.838730436517989397e-01 3.497151618838210685e-01 2.485955131534219320e-01 2.670096755293738799e-01 2.585475866593622829e-01 3.355576001202529302e-01 2.841031064637323245e-01 2.664306638637179980e-01 4.012735081382764468e-01 1.548745819224325582e-01 3.353517912771927789e-01 3.202670213203955840e-01 2.554405116968633815e-01 3.365055435086204971e-01 4.174752819154159966e-01 2.452802331202683928e-01 2.562756435416909118e-01 2.076447544246871058e-01 3.800678194585982994e-01 3.391137650891476452e-01 3.293867073662175571e-01 2.782327759861309424e-01 2.266676581785942168e-01
1.453954038562404460e-01 4.078014100465794656e-02 1.505925915816304084e-01 9.613712194205860373e-02 1.302040150794253337e-01 9.874795905721958644e-02 1.593894209348163116e-01 1.513332777650476524e-01 1.630309100866349226e-01 1.980926123733665334e-01 1.003329998126327033e-01 1.858438314330750629e-01 1.494642959384774317e-01 1.271150990330142672e-01 2.309933801215047489e-01 1.388525978259152749e-01 1.530271540021737875e-01 1.909474558891002538e-01 1.472997894614632153e-01 8.706176182642612338e-02 1.677946247227439236e-01 1.406962099467864158e-01 1.000000000000000222e+00 1.410736755534640896e-01 1.656574667424403347e-01 1.220929551174044364e-01 1.377312758171134188e-01 2.020554704534998358e-01 8.305127641352802459e-02 1.433739188110739748e-01 1.315971582211163393e-01 1.045161023110384585e-01 9.480570842108475282e-02 1.708501548591737362e-01 1.017376521243734261e-01 1.450226156613192152e-01 9.509373922237543408e-02 1.427631187801688406e-01 1.161851252288784719e-01 1.897889671738810513e-01 1.219831055253278868e-01 1.456630150352996311e-01 2.109883248442422088e-01 6.519316591564068564e-02 1.341142546840443095e-01 1.622408492111210299e-01 1.324837653721576691e-01 1.221668577685471324e-01 2.221553903980988121e-01 1.103966402148108678e-01 1.582494291423856836e-01 1.002499849470810112e-01 1.591254174293462165e-01 2.126529356257647330e-01 1.728631241040204103e-01 1.382826829433486671e-01 1.186659759358228566e-01
2.125810506349956053e-01 7.802706212649214434e-02 2.636029893707486638e-01 1.615696276580208257e-01 2.163932943930923780e-01 1.623084663139765516e-01 2.650464434665473212e-01 2.899149627066927026e-01 2.092892038534825694e-01 2.785390237933173530e-01 1.709545913639304304e-01 2.910165124041597662e-01 2.616870292075653137e-01 3.188077804169134888e-01 3.809385135447050930e-01 3.460914202472967771e-01 2.276429012908263161e-01 2.673534757234958814e-01 3.095439135493464056e-01 2.443240733820052635e-01 2.653412113103837400e-01 3.169148663366886942e-01 1.410736755534640896e-01 1.000000000000000000e+00 2.617816686728128839e-01 2.789123754745236883e-01 1.982984735276679122e-01 3.728589192328757851e-01 1.256784103665372632e-01 2.523675239617690913e-01 2.100486080052879345e-01 2.165339617181763765e-01 1.868004456528275792e-01 2.291572274705718504e-01 2.192784289136696929e-01 3.593549949979979452e-01 1.815104172766272561e-01 3.058608390902273211e-01 1.833377987848614776e-01 3.054383694592299747e-01 2.341982627261096628e-01 2.015592472286669712e-01 3.273003661351477911e-01 1.455110049109220594e-01 2.784003289541310266e-01 2.739633667338562395e-01 2.258772819221078199e-01 3.357356242973376093e-01 3.296089633797638085e-01 1.554324737980594395e-01 2.004263703100274130e-01 1.744397073964711331e-01 2.345400979369302863e-01 3.099336645981387584e-01 2.779602754695380540e-01 2.237531879531032830e-01 1.977341604710767808e-01
2.479536250237126260e-01 8.135384283252000692e-02 3.574894138589738701e-01 1.554707795191321851e-01 2.276067032948578817e-01 1.728721698805395224e-01 2.565316938146858794e-01 2.616604270500536011e-01 4.724644594023552635e-01 3.125031100597641665e-01 1.613858441723380610e-01 2.866185310626793159e-01 3.244789753302334545e-01 2.780095692407897889e-01 3.878445526848084413e-01 2.878973100091326565e-01 2.365743920221921870e-01 2.970593769549106922e-01 2.703879363611715325e-01 1.541829133155461495e-01 3.902035383206334807e-01 3.853797965931901603e-01 1.656574667424403347e-01 2.617816686728128839e-01 1.000000000000000222e+00 2.916359965814171451e-01 3.457718753627167518e-01 3.694268573027416069e-01 1.335302962719052688e-01 2.365234220289886835e-01 1.927526379864271944e-01 2.223278714022088043e-01 1.569519773628377524e-01 3.443423995711690222e-01 2.405972984813428139e-01 3.470077898856680498e-01 1.866434458588077661e-01 2.383974405050676704e-01 2.543007552479739086e-01 3.024808391371671124e-01 2.428184564436396131e-01 4.506267893717789685e-01 4.015399874803519120e-01 1.102437758537595930e-01 2.985409693532307673e-01 2.890357461353065816e-01 2.884351828687974351e-01 3.070849390470834495e-01 4.347919313400183117e-01 2.876322140646616066e-01 2.738634862382057777e-01 2.037944283855166738e-01 3.634010298149497054e-01 3.467862721866528108e-01 3.464795875982779605e-01 3.154341747571025034e-01 2.177891727075058348e-01
2.050715682993363709e-01 1.034985267533153758e-01 5.196256459033243846e-01 1.740560597288601241e-01 2.067094878494168675e-01 2.222648542492456081e-01 2.737041788142965393e-01 2.623702682193367330e-01 2.026889336532977370e-01 2.603036181355811718e-01 2.166123606984979022e-01 2.851413450594555421e-01 4.679444289352123754e-01 3.426545669052948329e-01 3.687844229001415175e-01 3.088789933085153150e-01 3.355752266849119092e-01 2.664478515269761427e-01 2.653877218823949002e-01 3.138206888273331607e-01 3.647416446963678283e-01 4.057116714111419498e-01 1.220929551174044364e-01 2.789123754745236883e-01 2.916359965814171451e-01 1.000000000000000000e+00 2.914839645979540594e-01 3.918988130817341875e-01 1.510677591860317415e-01 2.348592621789163393e-01 2.151198194923837625e-01 3.301824009262915305e-01 2.148740552121660707e-01 2.319898149066282889e-01 3.816648974908648517e-01 2.881789749101310583e-01 2.264989198192718933e-01 2.569741830990417975e-01 2.696795938527662972e-01 3.110401479400494718e-01 3.304618073983191517e-01 1.947996745698761245e-01 3.409403339512871445e-01 1.802463982420033917e-01 3.403508307853736481e-01 4.285700397528811600e-01 2.375053510511232202e-01 4.890824383296242250e-01 3.561407192194438465e-01 2.525278087055692344e-01 2.472501231003229327e-01 1.837795055815814038e-01 3.360716102351009593e-01 3.051899477113382830e-01 3.181101451702184058e-01 2.039346717214126914e-01 2.340103324012444974e-01
1.750667710721424131e-01 6.840914800801360662e-02 3.306594902744671716e-01 1.431900529403348776e-01 1.967685351321235843e-01 1.502335596361398240e-01 2.139704717684396684e-01 2.080608356483672206e-01 2.928471326931355589e-01 2.634692174255249264e-01 1.656374832532357400e-01 2.307107569283514681e-01 2.691584415104710248e-01 2.437725323270669708e-01 3.319893232187737242e-01 2.150536555918660941e-01 2.429549988473433952e-01 2.446056591228751576e-01 2.040510075049986882e-01 1.563538288298071954e-01 3.463408483061386489e-01 3.167611959748463657e-01 1.377312758171134188e-01 1.982984735276679122e-01 3.457718753627167518e-01 2.914839645979540594e-01 1.000000000000000222e+00 3.024876005617385122e-01 1.217061543770558696e-01 1.836632579300961354e-01 1.731143512208337953e-01 2.075708002727147117e-01 1.420011730759689339e-01 2.727426112755916843e-01 2.090799247739075217e-01 2.562437382173870515e-01 1.762973062763495691e-01 2.236375662836526945e-01 2.217310105552005584e-01 2.379430171335257804e-01 2.161599391735036790e-01 2.251287650705842691e-01 3.345796965932716360e-01 1.210178110581988792e-01 2.661439938614069134e-01 2.367075550416873619e-01 2.087633869683656884e-01 2.957916818366270184e-01 3.684758193672407756e-01 3.022089830261117660e-01 2.265401114631248602e-01 1.752725076351021316e-01 3.451121547455718308e-01 2.667350645143226062e-01 2.792097052338467500e-01 2.645683152678803274e-01 1.722704081318625902e-01
3.610814507050105759e-01 1.476963373816875535e-01 4.307821158846652509e-01 2.853664376248557510e-01 3.709305170849802602e-01 1.264243060740953550e-01 4.287494297489962691e-01 4.643038627476308577e-01 3.702410793573117087e-01 3.910316898417952047e-01 2.840136471719195699e-01 5.140777075284135300e-01 5.302005880826978768e-01 3.611779517852393706e-01 6.798044308695213589e-01 3.765109112046356454e-01 4.347680213817131656e-01 4.048399905994176651e-01 4.609109570131040279e-01 2.585899350099443161e-01 2.769791475672149783e-01 4.216946890736749665e-01 2.020554704534998358e-01 3.728589192328757851e-01 3.694268573027416069e-01 3.918988130817341875e-01 3.024876005617385122e-01 1.000000000000000000e+00 1.126737298198225712e-01 4.255126931704443782e-01 3.023731471002775728e-01 2.408278315711286366e-01 2.198608734877197657e-01 3.877355206924468778e-01 3.301493017189223722e-01 4.472824641290913394e-01 3.070522712355769901e-01 3.783300083003707237e-01 3.048981761495475618e-01 5.635460913894889678e-01 4.089183731098233188e-01 2.856556670221826466e-01 5.987877410724424809e-01 1.548318808953287606e-01 3.876215358191241189e-01 6.258753750792394044e-01 3.854282925660502124e-01 2.638641766910860831e-01 5.600299358787537152e-01 2.508006550289534342e-01 3.371813729911531943e-01 2.890219701553055631e-01 3.518382237403598900e-01 5.532678404809162620e-01 5.889460272276837438e-01 3.781615252848813946e-01 3.731435382934938372e-01
